26.8	45.8	142.0	1.2
14.8	50.2	88.0	0.0
25.8	51.4	76.0	0.0
18.4	56.0	90.0	0.0
35.0	64.6	164.0	2.0
29.2	59.4	110.0	0.4
28.6	50.0	98.0	0.0
15.4	53.4	96.0	0.0
19.4	63.8	84.0	0.0
26.2	60.2	116.0	2.8
26.8	60.8	96.0	0.0
31.8	43.4	178.0	4.4
31.8	37.2	152.0	31.2
19.6	55.4	100.0	0.0
28.2	41.8	138.0	0.0
27.0	45.8	160.0	33.6
22.4	45.0	94.0	21.2
19.6	51.2	90.0	0.0
23.0	58.6	112.0	0.0
34.2	66.0	76.0	0.0
41.0	63.6	108.0	0.0
25.2	64.8	98.0	0.0
32.4	67.8	90.0	0.0
33.8	66.0	82.0	0.0
40.2	65.4	112.0	0.0
39.4	54.4	98.0	0.0
25.0	48.4	156.0	2.4
24.0	48.8	96.0	1.6
22.6	53.0	92.0	0.0
19.2	47.8	88.0	0.0
21.0	57.6	86.0	0.0
24.6	69.2	82.0	0.0
25.8	71.6	82.0	0.0
27.4	75.8	66.0	0.0
32.2	77.8	68.0	0.0
28.0	56.6	86.0	0.0
25.0	56.8	76.0	0.0
34.0	61.6	72.0	0.0
33.8	64.0	104.0	0.0
34.6	69.4	96.0	0.0
34.4	75.4	102.0	0.0
34.8	86.0	80.0	0.0
39.6	65.4	68.0	0.0
29.8	53.4	92.0	0.0
21.0	56.8	70.0	0.0
22.6	64.4	68.0	0.0
27.8	73.2	78.0	0.0
37.2	79.8	72.0	0.0
38.6	76.2	96.0	1.6
48.8	68.0	120.0	1.2
37.6	70.4	86.0	12.8
41.6	61.2	82.0	0.0
28.0	68.6	88.0	0.0
31.4	76.8	96.0	0.0
37.0	76.4	96.0	0.0
40.8	81.4	90.0	0.0
43.6	83.0	76.0	0.0
44.6	85.8	74.0	0.0
44.0	85.4	66.0	0.0
56.0	86.2	54.0	0.0
48.8	76.6	64.0	0.4
43.0	75.4	102.0	0.0
43.4	73.8	106.0	0.0
43.0	82.4	96.0	0.0
47.0	84.4	78.0	0.0
44.6	89.6	72.0	0.0
56.6	80.4	40.0	0.0
36.8	62.4	132.0	0.8
29.8	54.6	100.0	0.0
27.0	53.4	90.0	0.0
32.2	43.2	116.0	0.0
29.2	58.0	82.0	6.0
24.8	58.4	74.0	0.0
26.6	62.6	100.0	0.0
34.4	62.2	86.0	0.0
25.0	57.6	92.0	0.0
36.0	64.0	88.0	0.0
32.4	68.0	106.0	0.0
37.4	58.2	90.0	0.0
27.4	63.4	126.0	0.0
31.0	66.4	98.0	0.0
28.6	68.0	96.0	0.0
25.8	59.2	108.0	0.0
17.8	63.8	98.0	0.0
30.0	65.4	86.0	0.0
30.8	65.2	106.0	0.0
32.0	69.0	88.0	0.0
25.6	60.6	106.0	0.0
26.4	63.8	106.0	0.0
36.0	62.2	116.0	0.0
27.6	44.2	114.0	0.4
23.0	44.0	120.0	0.0
15.2	48.0	104.0	0.0
16.6	55.8	116.0	0.0
22.0	60.4	108.0	0.0
27.6	63.6	98.0	0.0
31.0	64.0	102.0	0.0
36.8	61.0	114.0	2.4
41.8	51.4	104.0	0.0
34.2	51.6	164.0	11.6
32.8	54.0	164.0	6.0
20.0	39.4	124.0	23.2
17.6	43.8	156.0	0.0
16.8	50.6	156.0	0.0
18.6	56.0	152.0	0.0
22.6	60.2	112.0	0.0
23.0	67.0	100.0	0.0
27.6	67.2	94.0	0.0
29.2	60.0	112.0	0.0
28.8	63.2	126.0	0.0
21.6	63.8	124.0	0.0
30.8	44.6	138.0	0.8
26.6	59.6	174.0	3.6
20.2	55.2	126.0	0.0
18.2	57.8	120.0	0.0
20.8	62.4	120.0	0.0
26.8	60.8	114.0	0.0
24.6	59.8	122.0	0.0
24.4	61.2	118.0	0.0
28.6	64.2	118.0	0.0
36.8	56.2	184.0	17.2
21.4	42.8	120.0	25.2
15.6	43.4	144.0	0.0
16.2	42.8	116.0	0.0
15.0	45.0	110.0	0.0
16.4	48.0	120.0	0.0
16.2	51.4	134.0	0.0
23.2	53.4	118.0	0.0
26.0	49.8	150.0	16.8
27.0	48.4	176.0	12.4
19.8	50.8	130.0	0.0
24.4	50.0	136.0	0.0
21.4	43.8	88.0	0.0
7.0	40.0	130.0	0.0
13.2	43.2	118.0	0.0
14.0	46.8	146.0	0.0
22.4	47.8	108.0	0.0
14.8	44.0	116.0	0.0
11.4	42.8	136.0	0.0
12.4	45.4	146.0	0.0
12.0	45.8	136.0	0.0
21.2	32.4	148.0	0.0
25.8	31.6	166.0	40.0
17.2	25.8	154.0	42.0
9.0	23.0	164.0	6.4
15.2	29.0	166.0	9.6
10.8	24.4	124.0	0.0
4.2	33.0	140.0	0.0
3.6	34.0	154.0	0.0
14.4	38.4	162.0	0.0
9.2	37.8	150.0	0.0
8.4	38.2	172.0	0.0
10.4	37.6	142.0	0.0
8.2	38.6	164.0	0.0
6.4	36.8	172.0	0.0
8.6	38.0	136.0	0.0
7.4	41.0	156.0	0.0
10.8	39.0	138.0	0.0
8.6	35.4	178.0	0.0
7.2	37.0	162.0	0.0
7.2	30.2	172.0	0.0
13.8	32.6	154.0	0.0
20.6	33.2	164.0	0.0
24.8	32.8	164.0	3.6
6.0	31.2	166.0	0.0
5.2	39.4	164.0	0.0
7.4	38.2	174.0	0.0
10.2	37.2	150.0	0.0
8.8	39.6	162.0	0.0
9.4	39.6	150.0	0.0
12.4	45.8	142.0	0.0
13.4	42.2	138.0	0.0
18.6	40.6	154.0	0.0
23.2	36.2	194.0	8.4
16.0	32.4	198.0	1.6
5.2	31.4	182.0	0.0
4.4	33.0	134.0	0.0
4.4	33.6	130.0	0.0
3.4	34.2	146.0	0.0
16.0	28.6	176.0	2.4
16.8	26.8	156.0	2.8
21.2	28.6	170.0	9.6
17.8	34.8	198.0	16.0
5.6	32.2	172.0	0.0
3.4	21.0	198.0	0.4
9.4	23.2	186.0	28.8
18.0	24.0	176.0	9.2
12.6	17.6	184.0	4.0
6.0	21.0	154.0	11.2
-4.0	19.2	168.0	0.0
-2.6	16.4	198.0	0.0
3.6	24.8	172.0	0.0
4.0	31.6	164.0	0.0
1.0	29.8	198.0	0.8
2.4	35.4	166.0	0.0
1.2	31.8	188.0	0.0
1.0	29.4	198.0	0.0
1.0	30.6	186.0	0.0
1.8	34.6	170.0	0.0
14.0	34.0	198.0	3.2
10.0	29.8	198.0	11.2
7.8	31.0	198.0	0.0
15.4	28.2	162.0	12.0
9.4	24.4	198.0	0.0
13.8	27.4	198.0	8.8
16.8	23.8	158.0	0.0
18.6	24.6	196.0	10.8
16.4	31.4	182.0	7.2
18.2	32.2	156.0	4.0
16.6	26.6	170.0	16.8
17.6	23.2	176.0	10.0
15.2	24.0	164.0	15.6
11.4	26.4	182.0	0.0
6.8	24.8	160.0	0.0
0.0	24.2	198.0	0.0
-3.0	25.0	182.0	0.0
-3.4	27.6	168.0	0.0
-0.8	30.0	168.0	0.4
0.2	27.0	186.0	0.0
9.6	26.6	192.0	1.2
16.2	33.0	154.0	1.2
11.8	26.2	164.0	2.0
13.8	22.0	188.0	13.6
5.8	25.2	198.0	3.6
-1.2	26.8	190.0	0.0
-0.6	28.8	176.0	0.4
-2.0	24.0	196.0	0.0
6.4	28.2	188.0	1.2
7.2	33.0	190.0	0.4
1.6	35.4	174.0	0.0
13.2	24.6	148.0	0.0
12.0	27.0	166.0	19.6
-0.2	25.8	174.0	0.0
-0.6	24.4	190.0	0.0
4.2	19.6	170.0	0.0
2.6	17.6	198.0	0.0
8.4	25.4	178.0	7.6
16.6	26.4	196.0	4.8
6.6	24.2	198.0	0.4
13.0	29.0	162.0	10.4
14.8	27.8	198.0	0.4
15.0	28.2	188.0	1.6
16.6	27.6	158.0	1.6
6.4	29.4	182.0	0.0
11.4	27.6	196.0	10.8
10.2	34.2	198.0	0.8
16.0	27.8	158.0	1.6
-1.6	25.8	156.0	8.4
-2.0	24.4	182.0	0.0
3.8	29.6	144.0	0.4
11.8	35.4	124.0	0.8
13.8	28.6	198.0	9.6
15.4	23.2	188.0	0.4
13.6	30.4	198.0	2.4
5.4	35.0	198.0	0.4
10.2	31.0	158.0	3.2
8.4	27.2	146.0	6.4
1.2	31.2	170.0	0.0
3.2	32.8	198.0	0.0
11.0	36.8	156.0	0.0
14.6	29.6	144.0	2.0
0.4	28.2	180.0	13.2
11.6	37.8	188.0	7.6
17.8	34.2	136.0	2.4
14.2	25.6	150.0	4.0
8.4	28.8	166.0	7.2
2.2	33.4	144.0	0.8
2.2	37.2	174.0	0.0
14.4	35.8	162.0	8.4
12.6	22.2	154.0	26.8
13.4	28.4	180.0	2.8
10.2	28.4	192.0	6.0
2.0	33.6	164.0	0.0
12.2	41.4	160.0	0.0
12.6	33.8	170.0	2.8
4.2	30.0	162.0	0.0
3.2	33.2	158.0	0.0
16.6	35.2	146.0	0.0
11.4	33.0	180.0	0.0
15.0	28.6	164.0	0.0
0.0	37.6	166.0	0.0
13.0	49.4	140.0	0.0
26.4	50.2	88.0	0.0
8.6	35.6	120.0	0.0
3.2	34.4	136.0	0.0
5.6	42.2	148.0	0.0
12.6	38.0	152.0	0.0
14.8	40.8	150.0	20.4
10.8	41.2	196.0	0.0
16.0	37.8	158.0	0.8
7.4	38.0	146.0	0.4
23.0	40.4	154.0	16.8
18.6	33.6	164.0	57.6
16.4	36.4	144.0	2.8
10.6	41.2	120.0	0.0
13.6	24.4	158.0	12.0
9.0	25.8	156.0	3.2
11.0	35.8	158.0	0.0
3.4	34.0	146.0	0.0
8.0	42.8	150.0	0.0
17.8	42.2	152.0	0.0
23.4	44.0	136.0	0.0
17.0	27.0	174.0	6.4
19.2	32.4	170.0	3.6
16.6	39.4	170.0	0.4
10.4	32.4	170.0	0.0
7.6	31.8	180.0	7.2
2.4	32.6	130.0	0.0
6.4	36.4	126.0	0.0
9.2	38.0	110.0	0.0
12.8	37.4	136.0	0.0
11.6	46.6	176.0	0.0
13.2	35.4	140.0	4.0
19.0	30.2	176.0	14.0
19.4	31.4	158.0	2.8
8.2	33.2	154.0	13.6
9.2	38.4	166.0	0.0
10.2	40.6	144.0	0.0
10.2	45.4	156.0	0.0
13.8	53.2	142.0	0.0
17.6	54.2	146.0	0.0
18.2	54.2	134.0	0.0
16.2	47.8	140.0	0.0
14.8	50.8	136.0	0.0
21.2	46.2	136.0	0.0
21.6	44.0	104.0	0.0
11.8	48.2	128.0	0.0
22.6	53.6	134.0	0.0
29.0	53.8	130.0	0.0
27.4	58.2	150.0	0.0
31.2	61.6	130.0	0.0
35.6	68.0	132.0	0.0
37.4	64.8	132.0	0.0
37.4	48.6	92.0	0.0
20.0	46.4	118.0	0.0
13.2	50.6	134.0	0.0
21.6	55.8	110.0	0.0
22.6	59.6	114.0	0.0
27.0	63.6	110.0	0.0
30.8	66.8	96.0	0.0
31.8	70.4	98.0	0.0
34.2	72.0	86.0	0.0
33.4	70.2	98.0	0.0
36.2	65.6	84.0	0.0
26.8	70.8	110.0	0.0
34.4	72.6	114.0	0.0
30.6	70.2	92.0	0.0
24.2	61.0	76.0	0.0
22.8	67.0	106.0	0.0
37.2	79.4	58.0	0.0
30.6	76.4	90.0	0.0
38.6	42.0	190.0	21.2
36.6	56.6	196.0	51.6
23.8	47.2	126.0	0.8
25.6	51.6	120.0	0.0
34.4	65.8	120.0	0.0
42.0	69.0	96.0	0.0
31.8	52.4	164.0	20.4
34.2	52.8	96.0	0.0
25.6	44.6	188.0	18.8
26.4	47.8	164.0	4.8
24.6	47.2	86.0	0.0
21.2	54.0	96.0	0.0
22.8	63.0	114.0	0.0
24.6	55.0	84.0	0.0
21.4	53.4	88.0	0.0
22.2	61.4	116.0	0.0
26.8	63.8	94.0	0.0
36.4	49.8	116.0	0.0
18.4	50.8	128.0	2.4
28.4	54.8	104.0	0.0
18.4	45.2	124.0	2.0
18.0	53.0	104.0	0.0
23.6	59.2	104.0	0.0
27.2	64.0	96.0	0.0
26.2	69.4	102.0	0.0
29.2	77.2	90.0	0.0
29.0	80.6	80.0	0.0
24.4	52.8	120.0	6.0
22.2	58.4	90.0	0.0
24.0	62.6	104.0	0.0
25.4	67.4	96.0	0.0
30.2	73.2	88.0	0.0
36.2	76.4	82.0	0.0
45.8	69.2	42.0	0.0
37.6	56.6	168.0	19.6
34.2	62.6	112.0	0.0
35.2	54.6	122.0	0.0
35.6	71.8	116.0	0.0
37.4	71.8	92.0	0.0
39.6	73.6	82.0	0.0
42.2	66.4	82.0	0.0
38.8	63.8	140.0	10.0
37.2	58.2	176.0	24.8
24.4	59.4	114.0	0.0
29.6	65.6	110.0	0.0
30.0	71.6	92.0	0.0
32.6	67.6	98.0	0.0
30.0	66.0	90.0	0.0
34.8	72.8	100.0	0.0
39.2	79.6	96.0	0.0
41.2	84.4	76.0	0.0
42.0	84.4	78.0	0.0
49.0	84.8	96.0	0.4
45.2	56.8	112.0	0.8
31.4	63.4	110.0	6.0
34.4	72.6	102.0	0.0
43.6	73.2	100.0	0.0
33.6	51.2	102.0	0.0
21.0	45.2	88.0	0.0
17.4	50.4	94.0	0.0
22.0	65.8	104.0	0.0
30.8	74.6	78.0	0.0
38.4	83.6	80.0	0.0
49.4	70.8	86.0	0.0
28.8	67.4	100.0	0.0
28.6	71.6	94.0	0.0
30.2	71.8	70.0	0.0
35.4	72.8	90.0	0.0
30.4	68.8	102.0	0.0
32.0	70.4	92.0	0.0
37.8	73.0	96.0	0.0
43.4	72.6	78.0	0.0
42.0	76.4	92.0	0.0
35.6	68.6	122.0	17.2
35.8	71.2	72.0	0.0
47.0	64.0	102.0	0.0
38.4	52.2	166.0	104.4
39.0	60.6	110.0	11.2
40.6	67.8	106.0	0.0
46.0	68.0	132.0	0.0
43.4	71.2	128.0	0.0
45.0	58.2	162.0	0.0
41.6	54.2	164.0	0.0
41.0	60.6	160.0	0.0
35.6	53.6	152.0	0.0
35.2	58.0	96.0	0.0
0.0	62.4	66.0	0.0
32.8	60.6	108.0	0.0
31.4	63.6	140.0	0.0
39.2	69.4	142.0	1.2
40.4	52.8	166.0	7.2
25.0	52.2	112.0	0.4
25.6	57.0	114.0	0.0
30.0	62.0	122.0	0.0
0.0	52.6	140.0	0.0
36.4	58.6	168.0	2.8
22.4	57.0	116.0	0.0
25.0	62.4	122.0	0.0
30.2	0.0	140.0	0.0
0.0	44.6	148.0	0.0
37.6	60.6	174.0	41.2
36.6	45.8	178.0	11.6
36.2	51.0	158.0	132.0
31.4	44.8	180.0	12.4
24.6	48.8	112.0	0.0
21.2	50.0	144.0	0.0
23.0	51.4	160.0	0.0
24.4	52.6	150.0	0.0
26.4	53.2	144.0	0.0
25.0	57.2	146.0	0.0
26.6	59.2	152.0	0.0
30.2	60.8	146.0	0.0
29.8	62.8	158.0	0.0
33.4	63.8	154.0	0.0
33.6	51.2	156.0	0.0
18.2	50.6	138.0	0.0
16.6	54.0	158.0	0.0
21.0	57.6	162.0	0.0
23.2	59.2	150.0	0.0
25.2	60.0	160.0	0.0
31.2	60.4	146.0	0.0
34.4	57.4	158.0	0.0
36.4	52.6	188.0	22.0
33.0	53.8	182.0	0.8
26.8	52.2	142.0	0.0
23.2	51.6	164.0	0.0
20.0	50.2	156.0	0.0
24.8	49.6	142.0	0.0
25.0	49.6	116.0	0.0
20.6	50.6	152.0	0.0
21.2	49.4	150.0	0.0
31.4	46.8	174.0	6.0
27.0	46.2	168.0	6.4
20.2	43.8	146.0	0.0
28.2	37.2	168.0	0.4
28.4	37.4	172.0	14.0
11.2	34.8	142.0	0.0
9.2	39.8	164.0	0.0
10.2	43.8	162.0	0.0
12.2	47.0	158.0	0.0
15.4	49.4	158.0	0.0
17.0	50.8	148.0	0.0
20.2	50.2	134.0	0.0
22.4	51.8	162.0	0.0
23.6	50.4	158.0	0.0
24.6	55.0	148.0	0.0
22.8	54.6	148.0	0.0
22.6	58.0	178.0	0.0
30.8	39.6	190.0	7.2
21.6	37.0	144.0	34.0
10.2	35.8	156.0	0.0
14.2	32.2	168.0	0.0
19.4	34.6	168.0	3.2
21.0	35.4	158.0	0.8
11.2	38.2	198.0	0.0
11.8	42.2	168.0	0.4
9.6	41.4	194.0	0.0
13.6	46.0	166.0	0.0
16.0	50.6	184.0	0.4
17.8	29.0	168.0	6.0
14.2	30.6	156.0	0.0
11.4	35.0	178.0	0.0
19.2	38.6	168.0	0.0
11.4	39.0	198.0	0.0
10.0	39.6	198.0	0.0
6.0	31.2	154.0	0.0
2.6	29.8	162.0	0.0
2.0	34.2	158.0	0.0
6.2	35.4	198.0	0.4
4.4	36.8	166.0	0.0
3.4	35.0	168.0	0.0
9.0	34.0	184.0	0.0
3.2	39.4	180.0	0.0
2.8	37.0	172.0	0.0
4.2	33.0	176.0	0.0
3.4	35.8	184.0	0.0
2.2	34.2	152.0	0.0
1.8	36.2	152.0	0.0
10.4	32.6	148.0	0.0
20.4	29.8	176.0	20.8
16.8	38.0	142.0	26.8
11.4	33.2	184.0	0.4
12.8	34.0	192.0	0.0
18.8	30.0	198.0	56.0
17.6	40.4	198.0	11.6
21.4	38.2	108.0	0.0
8.4	33.2	178.0	0.0
8.6	35.4	186.0	0.0
6.8	35.4	158.0	0.0
6.2	36.8	164.0	0.0
3.4	20.4	198.0	0.0
10.0	31.6	194.0	0.0
0.8	28.0	160.0	0.0
6.2	24.4	178.0	0.0
10.6	16.8	162.0	0.0
9.8	25.8	170.0	4.8
14.4	26.4	164.0	0.0
0.0	26.6	190.0	0.0
-2.0	26.2	166.0	0.0
-4.0	26.4	170.0	0.0
-0.6	25.6	184.0	0.0
3.0	31.0	182.0	0.0
14.8	32.4	164.0	23.2
6.0	24.4	176.0	4.4
13.8	30.4	190.0	3.6
7.2	26.2	196.0	0.0
10.0	25.0	198.0	0.8
6.0	29.6	188.0	0.0
7.0	33.0	178.0	0.0
6.8	34.0	170.0	0.0
14.0	32.2	166.0	0.0
12.4	24.2	172.0	20.4
1.2	23.8	198.0	0.4
-1.2	16.6	198.0	0.0
4.6	18.8	142.0	0.0
10.2	19.6	162.0	0.4
6.4	23.8	198.0	2.4
0.4	21.8	198.0	0.4
2.0	20.6	198.0	0.0
3.0	21.6	198.0	0.0
3.6	24.2	198.0	0.4
4.6	27.8	188.0	11.2
3.0	27.0	198.0	0.0
4.2	29.6	198.0	0.8
0.0	29.2	180.0	0.0
3.0	32.2	192.0	0.0
10.0	30.8	198.0	26.8
7.0	30.6	198.0	0.4
7.0	32.6	196.0	0.0
12.4	20.0	164.0	42.8
6.8	24.4	170.0	22.0
1.2	26.2	198.0	0.0
-0.8	23.0	198.0	0.0
1.4	25.6	192.0	0.0
10.0	27.0	198.0	3.2
1.0	23.2	198.0	0.4
1.2	25.8	198.0	0.0
-1.0	27.6	178.0	0.0
0.2	31.4	198.0	0.0
2.0	29.2	198.0	0.0
5.0	28.6	198.0	0.4
3.8	29.8	198.0	0.4
-2.4	30.0	170.0	0.4
4.2	25.2	160.0	0.0
11.6	29.6	198.0	12.4
17.8	29.8	182.0	0.0
15.0	24.6	200.0	4.4
15.0	20.2	172.0	8.4
10.8	29.4	170.0	37.2
2.4	31.4	172.0	0.0
0.0	23.6	194.0	0.0
1.4	25.2	198.0	0.4
-1.2	26.2	166.0	0.4
-2.6	25.2	172.0	0.0
0.6	31.0	158.0	0.0
8.8	32.0	172.0	14.4
14.4	20.8	192.0	16.4
9.0	29.8	182.0	21.6
3.2	30.0	198.0	0.0
6.4	26.0	170.0	0.0
14.4	24.2	166.0	3.6
12.8	23.6	188.0	20.4
-2.0	24.2	174.0	7.6
2.6	23.6	184.0	0.4
10.0	30.2	170.0	30.8
9.0	23.4	164.0	4.0
12.6	25.8	172.0	0.0
4.2	30.6	174.0	0.4
8.2	25.6	182.0	0.4
12.8	26.6	180.0	3.6
8.4	21.4	174.0	3.6
10.8	23.6	168.0	19.2
13.6	26.8	150.0	8.0
1.8	28.8	198.0	0.0
3.8	30.4	170.0	0.0
4.6	30.8	168.0	0.0
5.8	28.4	178.0	0.0
14.2	30.2	172.0	0.0
20.0	33.6	184.0	1.6
14.2	35.2	130.0	0.0
20.2	35.4	192.0	43.6
19.6	28.4	162.0	41.6
13.6	25.6	178.0	4.8
4.6	30.2	166.0	2.4
3.4	31.8	148.0	0.0
14.4	29.4	152.0	0.0
16.2	28.0	182.0	49.6
5.2	31.8	176.0	6.4
9.0	32.6	168.0	0.0
12.0	37.4	176.0	0.8
11.6	38.0	152.0	0.0
11.0	27.2	136.0	0.0
15.0	26.8	128.0	0.0
8.6	28.6	152.0	0.4
6.6	27.8	134.0	0.0
4.8	32.8	180.0	0.0
5.6	37.4	158.0	0.0
10.0	39.2	162.0	0.0
17.2	40.2	140.0	0.0
11.4	39.8	152.0	0.0
7.4	38.2	192.0	0.0
11.2	39.4	168.0	0.0
10.8	41.2	150.0	0.0
13.0	40.0	166.0	0.0
10.8	29.2	130.0	0.0
7.4	28.6	132.0	0.0
-0.2	29.2	118.0	0.0
8.2	34.8	142.0	0.0
9.6	42.2	122.0	0.0
14.8	46.0	144.0	0.0
16.4	46.4	170.0	0.0
20.2	51.8	156.0	0.0
22.2	49.8	160.0	0.0
14.6	31.8	128.0	20.0
8.4	38.0	118.0	0.0
10.8	41.6	166.0	0.0
16.4	46.4	142.0	0.0
15.2	47.4	120.0	0.0
29.0	39.8	182.0	1.6
29.4	36.0	184.0	22.8
25.4	38.2	184.0	38.0
27.6	37.2	186.0	44.4
9.6	25.6	144.0	65.6
12.6	30.8	154.0	0.0
18.4	34.8	148.0	0.0
9.6	38.0	156.0	0.0
11.4	43.6	160.0	0.0
16.0	46.6	150.0	0.0
19.0	51.6	154.0	0.0
29.6	38.0	162.0	0.8
16.4	44.4	130.0	4.8
21.8	44.4	154.0	0.0
17.6	47.0	160.0	0.0
20.4	44.6	162.0	3.2
17.6	47.2	146.0	0.0
20.6	51.2	140.0	0.0
32.0	39.0	190.0	6.8
27.6	37.4	156.0	101.6
20.4	37.8	158.0	2.4
14.2	40.6	146.0	0.0
21.4	36.0	126.0	0.0
20.2	37.6	122.0	0.0
22.2	42.0	106.0	0.0
15.0	45.8	118.0	0.0
18.6	49.0	146.0	0.0
29.4	49.4	142.0	4.4
23.2	55.4	138.0	0.0
31.0	58.0	152.0	0.0
30.4	61.0	146.0	1.2
35.0	62.6	120.0	0.0
42.2	53.8	126.0	0.0
38.4	45.2	186.0	105.2
31.8	46.2	168.0	4.8
22.8	41.6	112.0	0.0
17.6	46.6	130.0	0.0
18.2	49.6	136.0	0.0
24.2	51.0	112.0	0.0
24.0	54.6	126.0	0.0
25.4	59.4	140.0	0.0
29.4	59.8	118.0	0.0
29.6	58.8	98.0	0.0
36.2	60.2	92.0	0.0
37.8	55.2	94.0	0.0
35.8	48.4	184.0	8.0
29.6	55.2	154.0	38.4
35.6	42.8	172.0	37.6
27.2	45.2	138.0	29.6
28.8	46.6	138.0	3.2
33.4	47.8	144.0	24.0
32.2	53.2	140.0	1.2
31.4	54.6	142.0	36.8
34.6	59.8	130.0	2.4
33.2	63.2	126.0	0.0
37.8	60.8	126.0	0.0
42.6	59.6	100.0	0.0
40.6	59.4	164.0	6.4
36.0	53.4	170.0	51.2
33.4	45.0	118.0	0.0
22.4	48.6	118.0	0.0
30.0	44.4	108.0	0.0
21.0	52.4	130.0	0.0
27.4	57.6	134.0	0.0
32.2	62.2	114.0	0.0
30.2	51.2	144.0	0.8
20.6	51.8	124.0	0.0
28.0	41.6	128.0	2.0
20.8	36.0	142.0	6.0
17.2	41.0	158.0	12.4
19.8	42.4	136.0	3.2
18.8	51.8	142.0	0.0
24.6	58.4	124.0	0.0
27.8	61.6	94.0	0.0
38.6	58.2	120.0	0.0
35.0	60.0	150.0	2.0
22.6	44.4	114.0	0.0
18.2	53.4	98.0	0.0
27.0	62.0	114.0	0.0
29.6	68.0	110.0	0.0
31.4	76.2	110.0	0.0
46.4	71.6	92.0	0.0
40.2	62.2	90.0	1.2
27.2	58.8	112.0	0.0
27.8	58.4	106.0	0.0
32.0	57.8	114.0	0.0
33.0	63.2	96.0	0.0
32.2	61.4	102.0	0.0
35.6	64.0	132.0	0.0
40.2	66.0	110.0	0.0
40.2	64.0	136.0	70.0
43.2	52.8	162.0	2.8
43.0	57.8	132.0	10.0
44.2	61.2	172.0	28.4
48.0	51.0	122.0	4.8
39.8	62.8	166.0	27.6
37.0	67.4	142.0	0.0
39.6	53.8	140.0	0.0
25.8	54.4	128.0	0.0
25.8	58.6	140.0	0.0
32.2	63.8	126.0	0.0
35.6	65.0	120.0	0.0
39.6	69.2	120.0	0.0
41.4	62.8	106.0	0.0
39.6	61.2	136.0	0.0
29.8	64.0	120.0	0.0
42.2	68.8	126.0	0.0
28.6	63.2	120.0	0.0
25.2	64.6	112.0	0.0
29.0	64.0	118.0	0.0
33.4	70.8	136.0	0.0
39.8	76.4	112.0	0.0
41.0	79.6	114.0	0.0
43.8	67.4	154.0	0.0
43.8	72.0	148.0	6.8
45.0	56.4	160.0	5.2
40.8	46.0	194.0	198.4
29.4	43.0	162.0	102.0
21.6	51.0	116.0	0.0
26.8	54.6	132.0	0.0
30.0	58.8	132.0	0.0
34.0	59.4	158.0	0.0
39.6	49.6	196.0	79.6
37.4	57.0	176.0	56.4
30.2	57.2	146.0	0.0
29.0	58.4	114.0	0.0
32.8	56.0	138.0	0.0
37.8	44.0	160.0	0.4
37.8	58.4	180.0	11.6
38.6	61.4	136.0	0.0
43.4	58.0	182.0	24.4
33.4	51.4	160.0	25.6
20.2	45.0	124.0	0.0
24.6	50.4	106.0	0.0
25.2	56.0	132.0	0.4
27.8	58.4	152.0	0.0
33.0	59.6	150.0	0.0
31.2	61.8	140.0	0.0
39.2	49.6	174.0	0.4
35.8	60.0	170.0	23.6
32.0	45.6	164.0	0.0
17.6	46.8	134.0	0.0
16.8	44.6	154.0	0.0
17.2	44.2	158.0	0.0
23.0	50.0	116.0	0.0
19.2	50.6	136.0	0.0
21.2	53.2	146.0	0.0
22.8	57.4	142.0	0.0
33.6	54.0	122.0	0.0
37.4	41.6	184.0	26.8
33.6	54.0	180.0	20.4
34.4	56.4	176.0	1.2
39.2	58.6	174.0	1.2
36.4	53.8	192.0	39.6
32.6	56.8	162.0	0.4
34.2	56.4	174.0	0.8
24.2	51.8	168.0	0.4
25.6	52.6	154.0	0.0
26.6	54.8	148.0	0.0
27.8	56.2	142.0	0.0
36.4	51.8	150.0	0.0
37.2	53.6	164.0	0.0
32.6	40.2	152.0	0.0
27.8	44.0	180.0	16.0
26.6	44.2	154.0	0.0
19.2	48.4	134.0	0.0
19.6	46.0	138.0	0.0
20.4	49.4	162.0	0.0
23.0	51.4	172.0	0.0
24.6	51.6	174.0	0.0
14.4	44.2	166.0	0.4
17.4	40.8	162.0	0.0
24.6	44.6	180.0	0.0
18.0	43.8	148.0	0.0
13.4	38.0	170.0	1.2
8.8	36.2	140.0	0.4
5.6	33.6	152.0	0.0
6.8	31.8	192.0	0.0
4.2	33.6	188.0	0.0
7.6	32.2	120.0	0.0
2.2	30.4	138.0	0.0
6.0	22.0	166.0	7.2
0.4	20.2	188.0	0.8
7.6	28.2	196.0	10.0
7.6	28.6	164.0	3.6
-1.4	27.4	190.0	0.0
1.6	22.4	198.0	0.0
1.0	31.6	170.0	0.0
4.6	35.8	198.0	0.0
5.4	32.0	182.0	0.0
9.0	37.2	186.0	0.0
6.6	41.0	170.0	0.0
11.6	44.0	188.0	0.0
20.4	30.0	176.0	34.8
17.8	31.2	170.0	7.2
6.2	29.4	148.0	0.0
2.6	29.8	150.0	0.0
3.8	27.6	198.0	0.0
5.2	27.8	198.0	0.0
5.0	29.6	198.0	0.0
7.2	31.8	152.0	0.0
5.6	38.8	146.0	0.0
6.2	39.6	172.0	0.0
5.8	35.2	198.0	0.0
8.6	36.6	194.0	0.0
17.0	29.6	190.0	17.6
4.4	24.0	196.0	0.0
9.8	25.6	154.0	4.0
-1.0	19.6	194.0	0.0
3.0	20.4	178.0	5.2
5.8	29.2	178.0	0.0
-2.2	28.0	170.0	0.0
-2.8	27.8	164.0	0.0
2.0	32.2	152.0	0.4
-0.6	31.8	182.0	0.0
3.4	33.4	156.0	0.0
1.0	33.8	164.0	0.0
2.0	32.2	178.0	0.0
6.0	25.2	184.0	2.0
11.4	25.0	182.0	0.4
6.6	23.6	198.0	0.0
15.2	29.2	172.0	7.2
13.2	23.2	186.0	21.2
11.8	22.2	186.0	1.2
12.4	28.4	170.0	6.8
5.8	26.2	198.0	0.0
11.0	31.0	198.0	0.8
6.4	31.4	198.0	0.0
1.8	32.8	198.0	0.0
-0.4	30.4	196.0	0.0
1.8	33.2	162.0	0.0
0.6	30.4	184.0	0.0
0.6	28.2	198.0	0.0
0.4	30.4	198.0	0.0
5.8	29.6	196.0	0.0
12.6	29.6	170.0	30.8
13.8	22.4	168.0	7.6
14.0	21.6	188.0	2.4
13.6	22.4	170.0	8.8
-1.0	16.6	186.0	0.0
8.6	18.4	188.0	8.4
12.8	22.0	156.0	0.0
9.4	23.6	170.0	13.2
11.4	21.0	166.0	0.0
14.2	19.6	182.0	0.0
-0.6	25.2	198.0	8.0
-3.2	24.2	190.0	0.0
0.4	28.2	156.0	0.0
10.6	22.2	172.0	0.0
16.8	22.0	184.0	17.6
0.8	29.0	198.0	3.6
0.6	33.4	198.0	0.4
7.0	34.4	150.0	0.0
13.8	31.2	112.0	0.0
0.2	29.2	144.0	0.0
3.2	18.6	186.0	0.4
11.0	26.4	198.0	32.4
8.2	28.2	198.0	4.4
1.0	29.0	198.0	0.0
0.4	26.2	198.0	0.0
-2.8	29.4	184.0	0.0
1.2	32.2	178.0	0.4
9.8	29.4	192.0	2.0
6.8	38.0	184.0	0.0
13.0	41.2	180.0	0.0
7.8	43.0	184.0	0.4
14.2	45.8	128.0	0.0
11.2	41.4	130.0	0.0
19.8	25.8	198.0	29.2
10.6	22.2	192.0	8.4
14.2	24.6	190.0	16.4
6.2	20.2	178.0	2.4
12.6	21.8	178.0	7.2
6.8	33.6	168.0	5.6
3.2	32.6	148.0	0.0
1.4	26.8	182.0	0.0
8.6	34.6	176.0	0.0
7.8	27.6	172.0	2.4
18.0	38.8	160.0	0.4
14.2	25.2	190.0	11.2
14.8	21.6	180.0	61.6
13.8	38.6	176.0	1.6
6.4	34.6	124.0	0.0
4.2	36.0	158.0	0.0
3.6	35.4	158.0	0.0
5.0	33.8	198.0	0.0
4.8	35.0	198.0	0.0
5.0	41.4	198.0	0.0
3.8	33.2	198.0	0.0
1.6	33.6	142.0	0.0
0.8	32.4	144.0	0.0
2.8	31.8	160.0	0.0
1.2	31.4	198.0	0.0
0.8	31.6	174.0	0.0
5.2	36.6	164.0	0.0
5.6	40.8	130.0	0.0
5.2	39.2	142.0	0.0
13.0	33.6	130.0	0.0
9.6	42.8	172.0	6.4
21.6	37.6	110.0	10.0
-0.2	28.8	156.0	2.0
0.8	31.8	148.0	0.0
5.4	28.0	140.0	0.0
1.8	41.6	166.0	0.0
3.4	34.4	144.0	0.0
8.8	41.6	156.0	0.0
7.4	43.4	156.0	0.0
11.0	47.8	104.0	0.0
10.6	53.4	140.0	0.0
20.2	27.2	146.0	2.0
3.4	36.4	198.0	7.2
8.8	44.2	162.0	0.0
20.0	36.8	130.0	0.0
3.8	36.6	138.0	0.0
17.2	39.6	106.0	2.0
6.2	39.2	130.0	0.0
14.0	42.6	144.0	0.0
23.0	38.4	138.0	1.2
21.4	24.6	168.0	56.8
15.0	31.0	168.0	16.4
16.4	27.0	170.0	7.6
8.4	35.2	138.0	11.6
5.8	36.6	134.0	1.6
8.2	38.6	148.0	0.0
11.2	35.6	178.0	0.0
20.4	32.0	174.0	0.0
22.2	42.8	176.0	8.4
17.4	43.6	158.0	0.0
21.4	37.2	178.0	0.0
11.8	33.4	166.0	0.0
5.2	40.6	162.0	0.0
10.6	46.4	146.0	0.0
20.0	48.6	148.0	0.0
20.6	51.0	154.0	0.0
18.2	37.4	116.0	0.0
8.6	40.6	128.0	0.0
10.4	47.4	138.0	0.0
11.4	51.4	126.0	0.0
16.6	56.0	136.0	0.0
22.6	49.4	154.0	0.0
26.6	51.8	170.0	0.0
23.4	61.8	132.0	0.0
36.0	56.8	92.0	0.0
23.8	41.2	170.0	24.4
23.4	46.6	114.0	0.0
17.6	47.6	126.0	0.0
24.8	51.8	160.0	0.0
33.4	50.0	182.0	2.4
19.8	40.2	148.0	0.0
12.8	46.2	120.0	0.0
18.6	49.6	124.0	0.0
22.8	44.4	128.0	0.0
18.6	44.6	122.0	0.0
16.2	53.2	114.0	0.0
19.6	59.2	144.0	0.0
27.6	65.8	126.0	0.0
31.6	57.0	166.0	10.8
33.4	60.2	144.0	0.0
31.4	62.4	170.0	0.0
27.8	45.6	174.0	69.6
19.2	50.6	144.0	0.0
25.0	54.0	130.0	0.0
26.0	56.6	132.0	0.0
32.2	56.6	98.0	0.0
23.8	58.6	130.0	0.0
32.0	44.0	124.0	0.0
25.6	55.0	178.0	0.4
30.2	63.8	132.0	0.0
39.8	59.2	144.0	0.0
34.8	45.6	184.0	0.0
16.2	47.0	108.0	0.0
23.8	45.4	152.0	5.2
20.0	48.8	106.0	0.0
21.6	52.0	88.0	0.0
30.0	40.0	198.0	22.0
30.0	50.0	166.0	88.0
30.0	54.0	152.0	28.0
24.0	63.0	144.0	0.0
36.8	71.8	136.0	0.0
38.4	43.2	132.0	33.2
14.4	45.8	110.0	5.6
21.2	47.2	98.0	0.0
20.4	54.2	106.0	0.0
19.4	45.8	100.0	0.0
19.2	45.0	92.0	0.0
17.0	50.0	108.0	0.0
25.2	53.2	98.0	0.0
30.0	58.0	124.0	0.0
27.2	58.2	124.0	0.0
35.6	50.2	144.0	0.0
31.6	56.6	188.0	24.4
21.8	53.4	126.0	0.0
25.2	49.2	98.0	0.0
22.0	50.0	102.0	0.0
23.4	55.4	108.0	0.0
28.4	57.8	134.0	0.0
28.0	61.4	134.0	0.0
38.6	51.2	86.0	0.0
37.4	55.6	168.0	7.2
26.8	59.8	120.0	0.0
37.2	57.0	112.0	0.0
32.8	59.2	126.0	1.2
30.4	62.6	144.0	0.0
32.0	66.2	116.0	0.0
34.8	53.2	136.0	10.4
34.0	58.8	162.0	18.0
30.0	58.0	138.0	0.0
30.4	58.8	100.0	0.0
27.6	59.4	98.0	0.0
30.0	60.8	100.0	0.0
31.6	63.6	108.0	0.0
31.4	69.8	122.0	0.0
35.6	72.0	114.0	0.0
39.4	77.8	110.0	0.0
41.0	65.0	120.0	0.0
26.6	61.2	118.0	0.8
25.2	58.4	86.0	0.0
23.4	66.8	94.0	0.0
38.2	52.2	182.0	11.2
25.4	49.2	112.0	7.6
21.6	49.6	114.0	0.0
24.0	39.0	170.0	0.8
12.4	50.0	104.0	2.4
19.8	56.6	124.0	0.0
26.6	58.8	98.0	0.0
30.2	62.0	104.0	0.0
33.0	63.2	96.0	0.0
37.8	66.8	82.0	0.0
32.2	61.4	128.0	0.0
35.6	72.2	118.0	0.8
40.2	72.4	116.0	0.0
37.0	70.6	112.0	0.0
41.8	66.0	98.0	0.0
28.0	64.2	88.0	0.0
32.6	65.6	110.0	0.0
35.6	71.0	104.0	0.0
35.0	72.8	76.0	0.0
39.8	70.8	100.0	0.0
39.8	69.0	112.0	0.0
40.0	72.0	98.0	0.0
41.6	58.2	184.0	53.6
30.2	55.8	122.0	18.0
29.8	57.0	104.0	0.0
30.4	58.8	110.0	0.0
34.0	59.6	138.0	0.0
31.0	65.0	126.0	0.0
32.0	67.0	122.0	0.0
22.2	51.2	116.0	2.8
21.8	56.2	126.0	0.0
24.0	57.8	122.0	0.0
29.6	49.2	122.0	0.0
27.6	54.8	156.0	7.2
23.0	55.6	138.0	0.0
24.0	58.8	136.0	6.4
27.0	59.4	122.0	0.0
29.4	62.8	120.0	0.0
30.0	63.8	130.0	0.0
33.8	56.6	166.0	0.8
35.2	62.6	150.0	0.0
31.8	62.4	136.0	0.0
39.2	56.0	124.0	0.0
32.2	42.8	164.0	0.0
27.0	57.8	144.0	2.8
29.0	61.0	130.0	0.0
27.4	64.8	146.0	0.0
28.4	69.0	130.0	0.0
30.4	72.2	130.0	0.0
35.2	51.0	182.0	2.8
37.0	56.0	176.0	21.2
37.6	53.2	200.0	76.8
39.0	49.6	148.0	1.2
34.2	41.8	194.0	208.4
34.0	51.6	120.0	73.2
37.6	39.2	124.0	0.0
33.4	49.6	200.0	132.0
23.6	50.2	170.0	0.0
24.8	52.4	158.0	0.0
31.6	46.4	98.0	0.0
30.2	48.2	98.0	0.0
24.2	54.2	152.0	0.8
21.6	51.8	154.0	0.0
20.0	51.6	174.0	0.0
26.2	55.6	164.0	0.0
27.4	59.8	154.0	0.0
31.0	58.6	154.0	0.0
34.4	60.0	158.0	19.2
38.4	40.8	186.0	38.4
25.2	48.8	196.0	34.8
20.8	51.0	136.0	0.0
23.2	52.6	156.0	0.0
24.8	56.8	148.0	0.0
33.0	55.4	132.0	0.0
16.4	44.2	144.0	0.0
22.0	36.6	166.0	0.0
17.8	39.4	158.0	0.8
12.4	42.0	170.0	0.0
15.4	46.0	180.0	0.0
21.2	44.0	172.0	0.0
27.0	46.8	172.0	0.0
18.8	50.8	174.0	2.8
22.0	53.0	162.0	0.0
20.4	55.2	164.0	0.0
25.2	52.6	148.0	0.0
22.2	51.8	156.0	0.0
25.8	59.8	150.0	0.0
26.2	56.2	156.0	0.0
25.4	57.0	156.0	0.0
29.0	57.2	162.0	0.0
20.2	40.8	118.0	0.0
10.8	38.2	166.0	0.0
10.0	37.2	162.0	0.0
2.0	35.0	136.0	0.0
6.0	40.2	136.0	0.0
8.6	43.4	158.0	0.0
9.6	45.4	156.0	0.0
13.4	39.6	164.0	0.0
18.8	50.8	162.0	0.0
16.4	52.4	158.0	0.0
19.8	49.8	142.0	0.0
27.4	52.4	132.0	0.0
33.8	42.8	160.0	1.6
29.2	45.4	200.0	68.4
22.4	50.8	172.0	0.0
28.0	46.0	190.0	2.8
24.4	45.0	190.0	16.4
20.0	28.4	168.0	1.6
14.6	34.0	162.0	2.0
10.0	34.0	190.0	0.0
11.0	39.2	200.0	0.0
10.8	39.2	200.0	0.0
9.2	36.8	194.0	0.0
8.8	39.8	158.0	0.0
13.6	41.4	186.0	0.0
15.2	32.6	188.0	0.0
4.0	29.4	160.0	3.2
7.0	31.4	174.0	0.0
6.4	31.0	200.0	0.0
8.2	26.6	200.0	0.0
8.0	29.0	198.0	0.0
11.0	40.6	182.0	0.0
14.4	34.0	184.0	0.0
15.0	42.8	200.0	0.8
12.4	39.0	186.0	0.0
2.0	29.4	168.0	0.0
12.8	29.6	162.0	0.0
-0.8	31.0	162.0	0.0
0.8	35.0	168.0	0.0
6.4	34.0	188.0	0.0
4.6	33.4	200.0	0.0
4.6	30.6	188.0	0.0
5.2	35.6	194.0	0.0
3.8	34.4	200.0	0.0
1.8	30.0	200.0	0.0
3.8	31.2	180.0	0.0
8.4	39.8	156.0	0.0
15.6	34.0	164.0	0.0
11.0	18.8	174.0	58.8
13.4	26.4	190.0	12.0
11.4	30.8	200.0	0.8
3.8	31.8	194.0	0.4
3.4	34.8	184.0	0.0
4.2	36.4	200.0	0.0
2.2	32.2	200.0	0.0
7.0	32.6	200.0	0.0
4.4	29.2	188.0	0.0
11.4	27.4	168.0	7.2
9.6	29.0	200.0	0.0
12.4	32.0	126.0	12.0
-2.0	30.2	170.0	0.0
0.2	28.6	160.0	0.0
-1.6	27.8	192.0	0.4
0.0	29.6	200.0	0.0
0.4	31.2	200.0	0.0
-0.6	31.8	168.0	0.0
0.8	32.8	162.0	0.4
0.4	30.4	170.0	0.0
4.6	33.4	194.0	0.0
14.6	31.2	166.0	0.0
2.8	20.6	196.0	0.0
8.8	23.2	186.0	0.0
2.6	25.4	192.0	0.0
11.2	28.4	174.0	5.6
-2.6	23.4	200.0	0.0
6.0	27.6	166.0	1.2
15.0	19.4	182.0	10.4
-3.4	21.2	200.0	1.6
0.4	22.6	196.0	0.8
6.2	26.6	200.0	2.8
4.8	28.6	200.0	2.0
3.6	27.4	186.0	0.0
2.4	24.6	200.0	0.0
11.0	31.0	200.0	7.6
1.2	23.4	200.0	9.2
7.4	19.2	200.0	7.6
12.8	24.6	194.0	9.2
0.6	25.2	200.0	0.0
-0.4	27.8	200.0	0.4
-2.0	28.4	166.0	0.4
-4.0	25.8	174.0	0.0
-5.0	26.6	188.0	0.0
-3.2	27.4	182.0	0.4
0.4	30.2	190.0	0.0
10.4	23.8	190.0	4.8
18.0	28.0	174.0	54.4
7.6	25.2	200.0	0.0
14.2	31.6	200.0	30.8
19.6	29.0	194.0	28.4
12.8	22.6	178.0	18.8
14.4	24.8	188.0	5.6
17.4	30.8	200.0	0.8
15.4	30.6	168.0	0.0
-1.6	25.4	200.0	1.2
4.6	30.6	172.0	0.0
2.8	30.6	200.0	0.0
0.0	31.4	184.0	0.4
-0.2	32.2	200.0	0.0
0.8	27.2	200.0	0.0
5.8	29.2	188.0	0.0
14.0	29.6	182.0	4.8
13.4	23.0	192.0	12.4
8.2	26.4	200.0	8.0
2.2	27.4	200.0	3.6
-1.2	26.2	200.0	0.0
-2.6	27.8	160.0	0.0
-1.0	27.4	152.0	0.4
-3.6	24.2	174.0	0.0
5.0	29.8	190.0	0.0
3.0	29.8	198.0	0.0
6.0	33.2	184.0	4.0
8.2	23.8	172.0	2.8
5.2	26.8	160.0	0.0
-1.0	32.6	174.0	0.0
11.4	23.6	174.0	22.4
-1.0	30.8	154.0	2.0
-1.4	33.2	174.0	0.0
1.2	33.0	158.0	0.0
-0.2	30.8	178.0	0.0
3.8	32.0	190.0	0.0
4.2	26.0	200.0	2.4
12.4	29.4	176.0	1.2
12.8	23.4	190.0	26.8
6.0	29.8	198.0	13.2
1.2	26.6	200.0	0.0
4.2	24.8	178.0	0.0
4.2	32.8	168.0	0.0
12.4	38.8	148.0	0.0
16.4	27.2	158.0	2.0
10.6	22.8	180.0	18.8
12.2	21.4	172.0	4.0
14.0	28.4	170.0	1.6
-0.4	28.6	200.0	0.0
2.4	30.6	174.0	0.0
5.8	35.2	144.0	0.0
12.4	25.6	170.0	1.2
6.8	26.8	176.0	2.0
-2.6	30.0	152.0	0.8
0.0	32.4	166.0	0.0
1.2	37.4	150.0	0.0
8.6	42.4	152.0	0.0
5.4	44.2	78.0	0.0
15.4	34.4	138.0	0.4
13.6	27.6	172.0	5.2
15.0	30.4	172.0	6.8
13.6	34.6	146.0	0.0
7.0	38.2	200.0	0.0
5.4	37.6	188.0	0.0
5.2	41.8	160.0	0.0
18.2	31.0	134.0	3.2
1.6	27.4	154.0	0.0
4.8	35.0	158.0	0.0
6.0	35.2	176.0	0.0
9.4	35.8	164.0	0.0
10.0	33.0	170.0	0.0
16.8	38.4	174.0	26.4
20.8	44.2	174.0	0.8
23.8	38.8	170.0	0.0
10.2	39.8	180.0	0.4
8.4	41.4	158.0	0.0
10.6	30.0	148.0	0.0
1.6	35.4	134.0	0.0
5.0	44.0	148.0	0.0
15.2	51.4	154.0	0.0
28.6	48.6	90.0	0.0
16.2	28.0	138.0	8.4
5.2	30.6	150.0	0.4
3.6	38.2	140.0	0.0
9.2	44.4	132.0	0.0
10.4	49.6	150.0	0.0
11.2	57.4	140.0	0.0
23.4	26.2	194.0	0.0
5.4	34.2	144.0	66.8
7.0	33.6	186.0	0.0
7.0	36.6	160.0	0.0
11.2	32.4	138.0	0.0
14.8	23.2	178.0	1.6
10.0	35.8	96.0	15.2
8.0	37.2	152.0	0.0
9.4	42.0	166.0	0.0
12.8	51.4	158.0	0.0
17.4	38.0	174.0	0.0
10.4	38.0	138.0	4.4
11.0	45.2	158.0	0.0
17.0	54.4	156.0	0.0
17.6	49.8	146.0	0.0
15.8	41.4	144.0	0.0
11.6	38.0	112.0	0.0
8.8	41.4	128.0	0.0
10.8	47.2	142.0	0.0
25.4	47.6	80.0	0.0
14.2	37.0	144.0	0.0
12.6	40.8	128.0	0.0
12.4	47.4	126.0	0.0
18.0	54.0	144.0	0.0
22.0	57.6	128.0	0.0
21.6	62.4	140.0	0.0
34.6	41.2	106.0	0.0
12.8	44.8	128.0	0.0
18.4	49.0	130.0	0.0
18.4	57.0	138.0	0.0
23.2	54.6	136.0	0.0
35.6	59.4	146.0	0.8
36.8	40.0	190.0	21.2
32.2	52.2	166.0	49.2
20.6	43.6	136.0	3.2
13.0	45.8	104.0	0.0
16.6	49.0	134.0	0.0
18.6	63.2	136.0	0.0
18.2	49.2	126.0	0.0
19.8	49.2	122.0	0.0
20.0	52.4	134.0	0.0
26.2	48.2	108.0	0.0
18.0	48.4	114.0	0.0
14.4	42.8	100.0	0.0
11.6	50.6	116.0	0.0
16.6	53.8	112.0	0.0
24.6	64.8	92.0	0.0
21.8	54.8	94.0	0.0
22.2	58.0	122.0	0.0
24.8	65.4	128.0	0.0
30.6	73.4	110.0	0.0
33.2	63.8	118.0	0.0
31.8	56.2	142.0	0.4
33.6	65.0	118.0	0.8
35.6	74.8	112.0	0.0
46.0	68.8	106.0	0.0
24.2	69.0	98.0	0.0
27.6	67.2	96.0	0.0
31.6	73.8	64.0	0.0
37.2	81.4	88.0	0.0
39.6	86.8	72.0	0.0
41.8	84.0	80.0	25.2
43.8	80.8	94.0	0.0
43.8	78.4	48.0	0.0
26.6	50.2	92.0	0.0
22.4	64.4	96.0	0.0
29.0	77.6	96.0	0.0
34.0	57.6	84.0	0.0
36.2	44.6	114.0	0.0
17.8	54.2	92.0	6.4
22.4	62.8	104.0	0.0
27.2	72.2	102.0	0.0
31.0	79.8	92.0	0.0
37.8	86.2	76.0	0.0
36.2	64.4	102.0	1.6
32.8	69.2	102.0	0.0
38.4	73.6	92.0	0.0
33.2	73.0	126.0	0.4
31.4	68.0	90.0	0.0
31.8	74.0	112.0	0.0
42.4	70.4	94.0	0.0
43.2	73.0	100.0	0.0
30.6	65.8	120.0	0.0
36.8	69.4	122.0	0.0
40.8	64.2	102.0	0.0
19.8	59.8	106.0	0.0
23.0	67.8	90.0	0.0
33.8	53.2	98.0	0.8
28.6	58.4	92.0	0.0
24.0	63.6	104.0	0.0
25.6	62.0	128.0	0.0
27.0	61.8	132.0	0.0
28.8	62.6	130.0	0.0
33.2	67.6	128.0	0.0
35.8	69.8	130.0	0.0
37.2	66.0	130.0	0.0
39.4	70.2	130.0	0.0
40.2	71.4	112.0	0.0
38.8	67.4	132.0	0.0
35.4	67.8	94.0	0.0
31.0	61.4	126.0	0.0
27.6	63.4	128.0	0.0
24.0	55.0	120.0	0.0
22.2	46.0	78.0	0.4
14.2	48.2	110.0	0.0
18.2	52.6	126.0	0.0
19.8	57.2	118.0	0.0
29.8	40.4	162.0	5.2
20.2	46.6	146.0	34.8
18.0	48.4	158.0	0.0
19.0	56.6	164.0	0.0
20.6	55.4	152.0	0.0
29.8	62.6	140.0	0.0
27.6	70.2	138.0	0.0
36.6	44.4	168.0	20.8
13.2	40.8	136.0	39.6
14.0	43.0	184.0	0.4
21.8	46.0	144.0	0.0
16.8	45.8	172.0	0.0
17.0	47.6	166.0	0.0
17.2	45.0	122.0	0.0
17.8	48.6	144.0	0.0
20.6	50.6	156.0	0.0
22.4	51.4	160.0	0.0
20.0	53.4	148.0	0.0
23.0	52.0	134.0	0.0
21.4	53.2	144.0	0.0
20.6	54.2	144.0	0.0
20.6	55.2	152.0	0.0
22.8	56.4	148.0	0.0
20.8	53.4	150.0	0.0
28.8	49.6	160.0	0.0
29.0	47.2	154.0	1.6
16.6	47.6	126.0	0.0
17.8	44.4	138.0	0.0
17.2	47.8	146.0	0.0
10.2	35.6	100.0	0.0
5.2	40.6	110.0	0.0
8.0	42.2	140.0	0.0
21.2	29.2	180.0	14.0
21.8	40.0	170.0	3.2
12.0	33.8	178.0	0.0
11.4	41.0	166.0	0.0
12.0	42.8	158.0	0.0
11.2	46.2	180.0	0.0
15.8	53.0	132.0	0.0
15.8	31.6	184.0	0.4
17.2	40.8	154.0	5.2
18.6	35.8	166.0	0.4
5.0	37.2	148.0	0.0
3.4	41.2	158.0	0.0
13.2	39.4	162.0	0.8
3.2	35.8	132.0	0.0
5.0	37.2	132.0	0.0
12.4	46.4	172.0	0.0
11.4	46.8	162.0	0.0
10.0	48.4	164.0	0.0
22.6	31.4	192.0	19.6
3.8	23.2	200.0	9.2
12.2	27.4	194.0	14.8
18.2	28.0	180.0	2.8
7.0	29.8	200.0	3.2
2.8	26.2	200.0	0.0
1.2	30.0	200.0	0.4
5.8	29.2	198.0	2.8
10.6	29.8	200.0	2.0
5.6	27.0	196.0	0.0
10.8	34.4	118.0	0.0
2.8	34.8	150.0	0.0
-0.4	32.6	200.0	0.0
2.6	25.6	200.0	0.4
2.2	33.2	200.0	0.0
5.4	36.0	158.0	0.4
8.4	38.6	200.0	0.0
15.6	30.4	196.0	1.2
22.4	35.2	200.0	32.0
20.6	30.8	198.0	38.8
22.8	34.6	136.0	106.8
1.2	28.6	168.0	0.4
3.8	29.0	200.0	0.0
7.0	27.2	200.0	0.0
11.6	30.0	200.0	0.8
17.0	33.8	190.0	2.4
3.4	29.2	200.0	2.0
1.2	27.6	200.0	0.4
6.2	27.6	200.0	0.0
6.8	31.2	200.0	0.0
9.8	23.6	200.0	30.0
20.0	26.8	0.0	33.6
8.6	24.4	200.0	7.2
2.4	30.8	186.0	0.4
-0.4	28.6	166.0	0.0
0.6	20.8	200.0	0.4
6.2	31.0	200.0	1.2
1.6	29.0	178.0	0.0
0.0	28.2	194.0	0.0
-1.0	26.4	194.0	0.4
-2.6	27.8	174.0	0.0
-0.8	28.2	178.0	0.0
4.0	26.2	168.0	0.0
15.6	34.0	112.0	2.0
1.8	33.6	162.0	0.0
-0.2	28.2	190.0	0.0
4.0	32.0	184.0	0.0
8.6	36.8	200.0	0.0
2.8	31.4	194.0	0.0
4.0	25.8	200.0	0.0
14.8	32.0	200.0	1.2
6.2	29.6	200.0	0.0
3.8	30.8	166.0	0.4
16.8	24.4	146.0	0.0
9.6	26.6	166.0	3.2
12.2	26.0	182.0	4.4
9.2	27.8	200.0	5.2
-1.0	25.2	180.0	0.0
6.4	29.8	156.0	0.4
3.4	30.2	168.0	0.0
3.0	31.6	200.0	0.0
10.0	29.6	200.0	0.0
16.0	28.0	200.0	10.0
22.2	29.2	172.0	10.0
20.2	31.0	200.0	4.8
22.2	36.0	200.0	4.0
24.2	41.0	146.0	0.0
27.0	34.6	166.0	67.2
16.6	23.8	178.0	8.8
9.0	22.4	184.0	14.4
8.8	23.4	152.0	0.0
6.8	24.8	200.0	1.2
3.8	29.4	200.0	0.0
1.6	22.6	200.0	0.0
7.0	25.6	196.0	0.0
0.6	27.8	200.0	0.0
6.0	32.2	196.0	0.4
12.4	35.4	174.0	10.0
11.4	26.4	200.0	0.4
10.0	29.0	200.0	0.0
5.6	28.6	200.0	0.0
14.0	31.8	174.0	0.0
9.4	20.8	174.0	2.4
12.6	26.2	178.0	2.0
14.8	26.6	192.0	3.2
16.0	27.2	148.0	5.6
6.8	23.0	188.0	0.8
11.8	31.8	162.0	16.4
5.2	22.4	190.0	0.0
11.4	33.2	190.0	5.6
5.8	31.2	200.0	0.0
11.6	29.8	188.0	34.4
9.2	29.0	158.0	2.4
14.8	36.8	130.0	0.0
3.6	28.2	168.0	13.2
4.2	32.4	200.0	0.0
12.8	28.8	156.0	7.6
9.4	36.6	158.0	1.2
13.2	22.6	170.0	12.0
3.0	21.4	172.0	19.6
4.4	22.0	188.0	0.4
12.8	23.8	178.0	8.4
17.2	24.6	188.0	17.6
12.0	30.0	200.0	8.4
16.2	32.4	174.0	0.0
19.0	34.2	152.0	0.0
16.2	35.6	182.0	0.8
10.8	41.6	182.0	0.0
19.6	40.0	168.0	5.6
20.4	37.0	134.0	7.2
12.2	41.4	176.0	0.4
10.6	44.4	160.0	0.0
14.0	47.6	148.0	0.0
16.0	46.6	160.0	0.0
15.0	47.4	164.0	0.0
23.8	45.2	158.0	0.0
27.2	41.8	164.0	0.0
20.2	39.6	146.0	0.0
9.6	37.6	150.0	0.4
15.8	46.8	146.0	0.0
25.0	35.0	160.0	0.0
12.4	32.0	158.0	0.8
4.8	30.8	162.0	0.0
5.2	29.4	134.0	0.0
12.8	38.6	146.0	1.6
7.4	40.6	168.0	0.4
15.4	27.2	186.0	6.4
21.6	36.8	200.0	74.8
22.4	37.4	184.0	0.4
15.4	28.0	158.0	2.4
14.6	29.8	174.0	4.0
10.4	35.2	200.0	0.8
11.6	40.8	188.0	0.4
12.2	47.8	154.0	0.4
28.4	44.6	126.0	0.0
21.2	48.0	136.0	0.4
20.6	33.4	168.0	1.6
5.2	37.0	148.0	7.2
14.8	33.8	128.0	0.0
7.4	40.0	150.0	0.0
14.0	52.8	140.0	0.0
31.6	34.4	174.0	3.2
7.4	39.4	128.0	8.0
13.6	33.0	128.0	2.0
6.4	37.8	148.0	0.0
11.0	43.4	166.0	0.0
12.4	45.8	152.0	0.0
9.8	40.2	154.0	0.0
11.2	41.2	138.0	0.0
11.2	48.6	166.0	0.0
0.0	37.0	146.0	0.0
10.4	46.2	156.0	0.0
13.6	49.4	140.0	0.0
9.2	31.0	154.0	4.4
5.0	40.2	162.0	0.0
7.6	51.0	150.0	0.0
22.4	35.4	124.0	0.0
1.6	37.8	144.0	0.0
7.2	49.4	150.0	0.0
14.8	59.4	134.0	0.0
21.6	55.2	128.0	0.0
32.0	52.4	162.0	5.6
26.6	36.4	180.0	5.2
15.8	33.0	124.0	0.8
4.2	35.0	128.0	0.0
10.0	39.4	122.0	0.0
10.6	42.6	136.0	0.0
21.2	49.2	130.0	0.0
18.8	45.2	108.0	0.0
12.0	47.0	122.0	0.0
12.6	50.4	140.0	0.0
15.2	55.8	138.0	0.0
17.2	55.8	130.0	0.0
20.2	42.2	134.0	0.0
6.2	40.6	92.0	0.0
12.6	51.2	116.0	0.0
13.8	59.2	116.0	0.0
17.8	68.6	96.0	0.0
35.4	61.8	124.0	0.0
18.6	43.8	124.0	0.0
21.0	42.6	104.0	0.0
21.2	34.2	114.0	11.6
24.2	37.2	150.0	8.8
20.2	34.4	172.0	0.8
16.4	43.0	138.0	0.0
10.2	50.2	138.0	0.0
24.8	52.0	110.0	0.0
18.2	54.4	122.0	0.0
19.0	56.8	116.0	0.0
20.4	62.2	110.0	0.0
22.6	67.4	114.0	0.0
33.6	54.4	126.0	0.0
21.2	54.2	108.0	0.0
16.2	47.4	108.0	0.0
17.2	52.2	116.0	0.0
23.0	53.4	100.0	0.0
16.4	59.4	98.0	0.0
21.0	65.2	116.0	0.0
28.4	70.8	112.0	0.0
26.2	51.2	74.0	0.0
18.0	55.0	82.0	0.0
19.8	60.8	92.0	0.0
31.2	68.8	76.0	0.0
30.2	74.2	94.0	0.0
43.0	47.4	124.0	0.0
20.2	35.0	180.0	58.8
11.6	40.8	124.0	6.4
15.4	52.2	126.0	0.0
20.4	64.2	110.0	0.0
36.2	60.8	112.0	0.0
24.2	44.8	120.0	0.0
21.8	49.0	86.0	0.0
19.8	55.2	110.0	0.0
22.4	60.4	94.0	0.0
28.8	59.0	112.0	0.0
25.6	62.2	96.0	0.0
31.6	65.8	102.0	0.0
33.8	68.0	108.0	0.0
37.6	75.2	82.0	0.0
38.4	79.4	68.0	0.0
44.4	81.4	90.0	0.4
47.4	81.0	80.0	0.0
50.4	72.8	72.0	0.0
36.6	47.8	186.0	10.4
23.2	58.2	150.0	26.0
31.4	58.2	128.0	0.0
29.8	61.6	122.0	0.0
28.0	65.0	114.0	2.8
28.8	74.2	114.0	0.0
32.2	61.8	54.0	0.0
23.4	61.8	100.0	0.0
20.8	62.8	86.0	0.0
24.0	54.8	112.0	0.0
33.4	55.4	122.0	0.0
37.8	61.2	80.0	0.4
26.2	51.2	92.0	0.0
16.8	58.8	100.0	0.0
24.2	47.4	84.0	0.0
19.6	55.0	86.0	0.0
28.4	60.8	84.0	0.0
33.8	58.0	96.0	0.0
28.8	67.2	108.0	2.8
33.0	73.0	110.0	0.0
37.6	77.8	74.0	0.0
34.2	78.0	92.0	0.0
37.2	82.4	88.0	0.0
42.0	83.6	94.0	0.0
46.0	87.2	68.0	0.0
43.4	85.2	74.0	0.0
44.0	82.4	54.0	0.0
42.6	75.8	100.0	0.0
38.0	68.4	110.0	0.0
35.8	66.4	108.0	0.0
31.6	66.6	86.0	0.0
32.4	69.0	90.0	0.0
40.2	46.8	168.0	5.6
26.6	51.8	104.0	62.0
24.8	58.8	106.0	0.0
29.6	65.4	104.0	0.0
32.8	73.2	126.0	0.0
37.6	81.2	102.0	0.0
41.2	79.4	98.0	0.0
43.6	83.4	100.0	0.0
46.4	83.2	102.0	0.0
41.4	82.2	86.0	0.0
41.0	81.0	68.0	0.0
42.0	63.8	50.0	2.4
33.4	61.8	90.0	0.0
33.2	67.4	92.0	0.0
33.4	73.6	114.0	0.0
36.8	80.2	98.0	0.0
37.6	84.0	62.0	0.0
37.2	73.6	92.0	0.0
27.8	73.8	112.0	0.0
34.0	72.4	108.0	0.0
43.6	62.4	114.0	0.0
42.6	61.2	124.0	0.0
38.4	46.2	198.0	43.6
40.0	62.8	152.0	14.0
26.0	59.8	122.0	0.0
30.6	66.8	144.0	0.0
36.2	64.6	126.0	0.0
23.2	45.6	160.0	3.2
16.8	53.6	118.0	0.0
21.2	59.6	136.0	0.0
26.2	62.8	106.0	0.0
29.0	66.0	122.0	0.0
29.6	69.2	126.0	0.0
35.0	62.8	148.0	0.0
21.6	61.2	132.0	0.0
32.8	55.4	116.0	0.0
34.0	54.4	188.0	17.6
31.6	60.0	166.0	0.0
31.8	64.6	136.0	0.0
31.8	64.4	126.0	0.0
39.4	63.0	152.0	0.4
32.2	65.2	152.0	0.4
20.4	58.2	120.0	0.0
26.6	65.0	118.0	0.0
28.0	63.0	124.0	0.0
29.8	69.0	124.0	0.0
37.2	68.6	118.0	0.0
38.0	60.2	180.0	5.6
24.2	58.2	154.0	0.0
28.8	63.8	136.0	0.0
25.2	62.0	118.0	0.0
26.0	40.0	140.0	5.2
18.8	50.2	154.0	0.0
25.6	55.6	174.0	0.0
19.8	59.0	140.0	0.0
20.6	65.0	118.0	0.0
32.0	61.6	108.0	0.0
28.0	51.0	170.0	8.8
17.2	46.4	162.0	0.0
21.2	41.4	156.0	0.0
27.6	54.6	158.0	4.8
28.8	43.8	166.0	0.0
34.8	52.4	200.0	33.2
35.2	51.6	184.0	0.8
29.2	53.4	162.0	0.0
27.6	39.4	172.0	0.8
23.2	53.4	200.0	18.4
29.2	56.6	180.0	0.0
27.6	57.0	172.0	0.0
35.2	43.2	188.0	3.2
29.8	39.2	190.0	18.0
29.0	46.6	200.0	33.6
23.0	50.4	130.0	0.0
25.6	49.8	158.0	0.0
24.8	50.0	156.0	0.0
31.6	36.4	192.0	10.0
31.4	35.2	200.0	24.8
32.8	48.0	200.0	132.4
21.8	47.6	138.0	0.8
24.2	47.8	122.0	0.0
26.0	42.0	114.0	0.0
16.4	44.8	126.0	0.0
17.4	43.6	146.0	0.0
14.0	44.8	150.0	0.0
15.8	43.0	178.0	0.0
8.6	36.2	140.0	0.8
7.6	32.8	172.0	0.0
8.0	34.8	160.0	0.0
16.4	44.4	156.0	0.0
24.6	45.0	164.0	3.2
18.4	41.8	156.0	0.0
10.6	45.0	142.0	0.0
22.2	45.6	180.0	0.0
10.6	42.2	146.0	0.0
15.6	45.8	168.0	0.0
20.8	45.2	188.0	0.0
21.0	36.2	178.0	30.0
11.0	34.6	144.0	0.0
10.2	29.0	166.0	0.0
16.8	24.0	192.0	7.6
15.8	30.2	154.0	0.8
18.2	30.0	156.0	0.0
19.2	32.8	194.0	0.4
6.4	32.6	154.0	0.0
4.6	33.2	134.0	0.0
6.6	35.6	148.0	0.0
17.8	27.8	198.0	5.2
16.2	36.0	200.0	22.8
12.2	38.6	200.0	0.0
9.8	36.2	196.0	0.4
9.8	37.6	176.0	0.0
12.2	37.0	198.0	0.0
13.2	40.4	170.0	0.0
13.0	39.0	174.0	0.0
18.4	37.4	196.0	0.0
15.6	39.2	190.0	0.0
20.2	41.0	200.0	8.4
18.8	40.6	200.0	0.0
17.0	37.8	0.0	0.4
16.2	40.8	200.0	0.4
22.0	38.2	200.0	2.8
15.4	37.6	200.0	0.0
17.6	44.4	0.0	0.4
24.8	35.0	136.0	1.2
21.2	28.0	186.0	72.8
17.6	35.0	200.0	0.8
13.4	37.0	168.0	0.0
11.0	37.4	196.0	0.0
20.0	28.0	190.0	16.4
20.2	31.6	198.0	4.4
22.8	27.6	178.0	1.2
12.6	31.2	198.0	0.0
9.4	32.0	164.0	0.4
5.2	32.0	172.0	0.0
2.0	29.8	178.0	0.0
2.4	36.0	164.0	0.0
5.0	33.6	164.0	0.0
3.4	29.8	200.0	0.0
7.6	33.2	196.0	0.0
15.8	24.4	200.0	7.2
16.4	30.4	0.0	34.8
13.2	32.8	200.0	2.0
3.4	23.4	200.0	0.0
11.4	27.6	190.0	13.6
8.4	22.6	200.0	0.0
10.8	22.4	192.0	0.0
6.4	33.0	200.0	0.0
13.8	30.2	194.0	0.8
7.2	28.8	200.0	0.4
11.6	24.4	160.0	0.0
11.4	24.4	190.0	17.2
11.6	26.4	172.0	15.2
18.4	29.2	182.0	2.8
16.8	28.8	170.0	0.8
18.0	24.8	156.0	2.8
12.8	21.4	196.0	10.0
4.0	20.2	194.0	2.4
9.8	22.2	200.0	2.0
11.0	24.4	200.0	0.0
9.4	27.8	200.0	0.0
7.2	27.8	200.0	0.4
8.2	22.2	186.0	3.6
14.4	19.2	188.0	0.0
9.6	21.4	200.0	0.0
12.2	26.6	186.0	0.0
10.0	23.2	178.0	7.6
13.4	21.0	174.0	19.6
14.2	22.6	182.0	0.8
14.8	24.6	196.0	8.8
-1.0	23.6	200.0	0.0
-1.8	25.2	200.0	0.4
7.0	22.6	192.0	0.4
12.0	28.4	200.0	15.6
16.2	24.8	172.0	4.0
6.8	26.4	174.0	13.2
-3.4	30.2	186.0	0.0
-4.2	27.4	180.0	0.0
0.6	26.4	200.0	0.0
-2.6	27.6	178.0	0.4
-3.0	29.2	186.0	0.0
2.0	24.8	192.0	0.0
4.4	35.6	200.0	3.6
8.4	27.2	200.0	0.4
13.4	25.4	200.0	0.0
5.4	30.0	200.0	0.4
6.0	33.8	200.0	0.0
15.8	30.8	168.0	0.0
17.8	39.4	126.0	0.8
9.4	17.4	170.0	2.0
-2.2	23.0	178.0	4.4
-3.4	25.4	168.0	0.4
-3.6	28.0	158.0	0.0
-5.6	27.0	188.0	0.0
0.2	21.0	200.0	0.4
7.2	29.2	184.0	0.0
4.0	27.6	200.0	0.0
3.4	28.4	200.0	0.0
11.0	29.2	190.0	0.0
-2.6	24.0	162.0	0.4
-3.4	28.2	130.0	0.0
-3.0	29.2	152.0	0.0
-1.4	32.4	158.0	0.0
0.6	34.0	166.0	0.0
1.8	30.6	174.0	0.0
13.2	23.2	150.0	0.0
15.2	36.6	162.0	13.2
8.0	37.4	172.0	0.0
4.0	32.6	150.0	0.0
4.6	35.0	162.0	0.0
5.2	37.0	154.0	0.0
5.8	39.6	148.0	0.0
7.6	35.6	186.0	0.0
4.0	34.6	200.0	0.0
9.4	40.4	126.0	0.0
7.0	38.2	144.0	0.0
4.6	37.4	150.0	0.0
5.0	38.6	158.0	0.0
4.6	37.6	158.0	0.0
5.6	39.2	162.0	0.0
9.2	41.0	166.0	0.0
13.2	31.2	158.0	2.0
-1.2	30.8	142.0	1.2
0.4	32.6	140.0	0.0
4.6	36.0	136.0	0.0
6.6	37.6	144.0	0.0
4.4	40.6	154.0	0.0
7.4	40.6	146.0	0.0
23.4	36.8	132.0	0.4
15.4	33.0	170.0	24.8
20.2	35.6	140.0	0.0
3.4	34.8	146.0	0.0
5.2	38.6	154.0	0.0
6.4	40.2	200.0	0.0
9.6	41.4	162.0	0.0
15.6	38.0	136.0	0.0
13.6	32.2	148.0	0.4
7.6	30.0	152.0	0.0
2.2	33.2	154.0	0.0
5.8	37.8	134.0	0.0
15.6	39.6	176.0	0.0
25.4	43.6	186.0	82.0
13.6	35.6	186.0	1.2
10.6	41.2	164.0	0.0
14.6	48.2	154.0	0.0
22.6	43.8	98.0	0.0
14.6	48.6	152.0	0.0
10.6	32.6	128.0	0.0
9.8	45.6	160.0	0.0
11.6	47.0	146.0	0.0
17.2	56.6	166.0	0.0
25.8	59.8	146.0	0.0
23.4	37.2	152.0	19.2
10.2	37.2	138.0	0.0
11.4	43.0	156.0	0.0
15.2	47.2	164.0	0.0
14.2	54.8	140.0	0.0
16.4	60.6	134.0	0.0
29.6	38.6	158.0	6.8
14.6	36.2	174.0	6.4
5.8	39.0	146.0	0.4
7.0	38.6	140.0	0.4
10.2	40.6	120.0	0.0
10.6	46.2	150.0	0.0
16.4	53.6	134.0	0.0
21.4	53.8	116.0	0.0
19.0	52.6	138.0	0.0
21.6	58.0	152.0	0.0
29.0	64.2	140.0	0.0
33.8	65.8	88.0	0.0
23.8	64.8	124.0	0.0
23.6	58.2	140.0	0.0
28.6	44.0	162.0	0.4
12.8	39.8	124.0	2.0
15.2	48.8	118.0	0.0
17.8	58.0	134.0	3.6
18.2	67.6	120.0	0.0
30.4	43.4	86.0	0.0
11.0	38.2	126.0	10.0
11.6	48.8	130.0	0.0
19.2	55.8	126.0	0.0
24.0	52.0	142.0	0.0
15.6	51.6	124.0	0.0
18.4	59.8	104.0	0.0
22.2	68.0	118.0	0.0
27.2	61.4	104.0	0.0
20.0	58.6	114.0	0.0
18.8	58.6	86.0	0.0
19.8	61.0	118.0	0.0
25.4	66.4	108.0	0.0
28.4	75.8	94.0	0.0
35.0	48.6	122.0	0.0
29.2	42.2	178.0	48.8
16.6	44.8	118.0	0.4
18.8	53.2	128.0	0.0
20.8	59.4	130.0	0.0
23.6	69.2	114.0	0.0
37.0	59.0	114.0	0.0
25.2	66.4	116.0	0.0
34.6	72.4	128.0	1.2
39.6	53.2	104.0	0.0
20.2	45.6	126.0	54.0
19.4	52.0	124.0	0.4
25.6	56.6	100.0	0.0
25.0	59.6	114.0	0.0
29.4	64.6	106.0	0.0
41.2	65.4	98.0	0.0
41.0	64.8	110.0	0.0
31.0	66.4	152.0	26.4
29.6	51.6	140.0	0.0
35.0	60.4	160.0	26.8
34.4	57.8	118.0	0.0
32.0	52.6	130.0	1.6
31.4	47.4	146.0	8.8
27.8	55.4	148.0	2.8
27.8	62.4	134.0	0.0
30.0	59.4	144.0	0.0
31.6	54.8	128.0	2.8
25.8	55.0	92.0	0.0
26.0	58.2	88.0	0.0
26.2	58.2	124.0	0.0
28.4	71.2	102.0	0.0
40.6	69.8	76.0	0.8
23.4	52.8	78.0	0.0
21.0	58.6	100.0	0.0
20.4	50.0	100.0	0.0
22.2	60.0	102.0	0.0
28.2	67.2	110.0	0.0
35.0	71.0	94.0	0.0
42.4	66.8	136.0	1.2
36.0	67.4	132.0	0.8
28.8	64.4	124.0	0.0
30.2	51.4	84.0	0.0
19.8	57.8	104.0	0.0
32.4	63.4	104.0	0.0
35.4	67.4	102.0	0.0
24.0	54.0	94.0	2.8
20.2	61.2	92.0	0.0
22.8	67.0	90.0	0.0
31.0	79.2	90.0	0.0
34.2	76.6	70.0	0.0
52.0	66.2	92.0	0.0
38.0	70.4	120.0	0.0
41.0	72.2	108.0	0.0
40.6	73.0	108.0	0.0
41.4	68.2	90.0	0.0
40.8	52.8	188.0	10.8
39.4	43.4	194.0	14.0
36.8	61.2	166.0	25.2
35.2	66.2	110.0	0.4
36.2	54.0	94.0	0.0
35.8	56.2	192.0	93.6
27.0	56.6	138.0	0.8
22.8	56.8	126.0	0.0
31.6	55.2	114.0	0.0
24.2	56.0	112.0	0.0
29.4	57.2	90.0	0.0
28.8	62.2	100.0	0.0
36.2	57.6	150.0	16.8
35.4	67.4	128.0	0.0
40.4	72.0	112.0	0.0
40.2	61.6	152.0	31.6
36.0	53.8	100.0	0.4
23.0	52.0	118.0	0.0
30.8	57.8	112.0	0.0
33.2	55.0	106.0	0.0
28.0	50.0	96.0	0.0
18.4	48.0	98.0	0.0
21.0	53.6	118.0	0.0
27.6	57.0	124.0	0.0
33.8	58.0	96.0	0.0
27.2	59.6	108.0	0.0
30.4	59.0	84.0	0.0
30.0	62.8	114.0	0.0
31.4	66.2	116.0	0.0
33.8	67.0	106.0	0.0
39.2	77.6	148.0	0.4
40.8	72.2	106.0	0.0
36.6	68.0	108.0	0.0
40.6	71.6	124.0	0.0
35.6	63.8	148.0	19.6
36.6	64.0	138.0	0.0
38.6	49.4	126.0	0.4
33.8	61.8	172.0	21.2
39.4	69.8	146.0	0.0
41.0	67.8	132.0	0.0
39.4	56.4	152.0	0.0
36.0	66.2	158.0	12.0
38.0	66.6	134.0	0.4
36.8	69.2	110.0	0.0
38.0	69.0	122.0	0.0
36.8	71.8	130.0	0.0
35.0	59.0	148.0	16.0
35.2	60.6	120.0	0.4
36.0	59.6	142.0	0.0
29.0	63.0	152.0	0.0
36.2	70.2	130.0	0.0
38.6	57.2	188.0	2.8
24.2	57.2	108.0	0.4
33.0	64.0	118.0	0.0
25.4	60.8	102.0	0.0
30.2	46.8	80.0	0.0
22.4	44.6	110.0	0.0
20.0	50.4	148.0	0.0
22.6	60.6	140.0	0.0
21.8	59.0	128.0	0.0
25.2	60.0	130.0	0.0
18.6	63.4	116.0	0.0
23.6	57.8	116.0	0.0
29.0	55.2	98.0	0.0
20.4	58.0	136.0	0.0
25.4	56.6	102.0	0.0
20.0	55.8	122.0	0.0
29.0	59.2	126.0	0.0
33.2	56.6	156.0	5.6
25.4	67.2	156.0	0.0
33.2	53.6	114.0	0.0
26.4	54.6	104.0	0.0
21.6	61.4	122.0	0.0
32.8	63.8	122.0	0.0
29.0	50.2	150.0	0.8
15.8	49.2	140.0	0.0
15.6	38.8	116.0	0.0
20.6	41.8	144.0	0.0
11.0	47.8	152.0	0.0
11.6	51.6	126.0	0.0
17.2	56.4	140.0	0.0
18.0	58.8	130.0	0.0
20.8	58.2	122.0	0.0
30.2	52.8	114.0	0.0
17.4	53.6	106.0	0.0
23.0	47.6	114.0	0.0
31.0	48.6	170.0	1.2
21.6	42.2	136.0	0.0
23.6	39.8	166.0	17.6
21.8	44.6	126.0	8.0
14.6	44.2	106.0	0.0
15.2	48.4	118.0	0.0
16.4	47.4	132.0	0.0
23.6	53.0	134.0	0.0
16.6	51.0	128.0	0.0
20.6	43.6	154.0	0.0
25.4	48.4	170.0	6.0
21.4	53.2	172.0	2.8
30.2	35.4	164.0	0.4
30.4	39.8	188.0	71.6
19.8	34.8	142.0	31.6
13.8	36.4	90.0	0.4
20.8	38.8	102.0	0.0
11.8	46.2	126.0	0.0
25.4	48.0	166.0	0.4
30.4	40.0	188.0	7.2
20.0	32.0	194.0	14.0
14.2	39.4	200.0	5.2
11.6	35.6	156.0	0.4
7.2	37.0	154.0	0.0
8.8	39.2	140.0	0.0
9.4	41.8	148.0	0.0
12.8	45.0	142.0	0.0
15.4	41.4	168.0	0.0
15.0	47.4	170.0	0.0
10.0	44.6	160.0	0.0
11.0	41.0	172.0	0.0
5.4	31.0	146.0	0.0
13.4	29.4	168.0	0.4
12.2	27.6	148.0	0.0
19.8	30.8	182.0	1.6
20.8	28.6	174.0	5.6
19.8	36.0	194.0	18.4
22.4	34.4	182.0	1.6
9.0	27.0	158.0	1.2
5.2	31.6	168.0	0.0
4.6	35.6	200.0	0.0
6.4	37.8	172.0	0.0
4.8	36.0	198.0	0.4
4.6	38.4	198.0	0.0
13.4	34.8	190.0	6.8
20.6	35.2	178.0	25.6
12.2	30.0	170.0	0.0
16.0	33.8	122.0	0.0
2.8	33.2	164.0	0.0
-0.4	27.8	198.0	0.0
5.2	30.4	192.0	0.0
4.0	27.6	154.0	0.0
11.4	29.4	200.0	0.4
14.8	37.4	192.0	6.4
18.2	31.6	200.0	22.4
10.0	30.8	190.0	0.0
16.8	29.0	160.0	0.0
7.6	23.0	150.0	4.8
-2.8	25.0	166.0	0.0
-2.4	25.2	168.0	0.0
-2.4	19.8	198.0	0.4
5.2	26.6	172.0	12.8
1.6	26.4	200.0	0.4
4.6	21.8	200.0	0.0
2.0	33.4	200.0	0.4
8.6	30.0	166.0	0.0
-2.0	26.8	170.0	0.0
1.4	30.4	150.0	0.0
-1.6	30.4	190.0	0.4
0.6	30.6	200.0	0.0
4.8	31.4	200.0	0.0
3.6	28.0	200.0	0.4
11.8	28.8	200.0	29.2
22.6	25.2	200.0	23.2
19.8	22.2	200.0	44.8
11.6	27.4	156.0	32.8
-1.8	24.4	160.0	0.4
-3.0	24.2	172.0	0.0
-2.4	22.6	198.0	0.0
2.8	33.6	196.0	0.0
14.0	28.0	200.0	14.4
16.4	26.8	200.0	2.0
3.6	28.6	200.0	0.4
4.6	26.4	200.0	0.0
11.2	24.8	180.0	0.4
0.8	30.0	198.0	0.0
2.0	17.2	198.0	0.0
5.8	21.2	198.0	0.0
9.2	24.2	174.0	1.6
-4.2	22.0	174.0	1.6
2.2	23.2	188.0	0.0
1.4	23.6	182.0	0.0
7.2	20.0	168.0	0.0
9.6	29.6	166.0	0.0
0.2	29.6	172.0	0.0
-1.0	26.4	184.0	0.0
6.6	28.4	188.0	3.6
16.0	27.8	170.0	4.8
10.2	22.6	190.0	10.8
11.8	27.4	156.0	5.6
10.0	18.2	156.0	0.0
8.8	13.6	192.0	20.0
5.8	23.8	180.0	8.8
-2.8	23.0	176.0	0.4
-3.2	24.8	180.0	0.0
-3.0	26.0	166.0	0.0
-3.2	27.4	186.0	0.0
-0.6	31.8	190.0	0.0
9.0	27.0	178.0	6.0
15.0	33.8	190.0	5.6
4.4	25.6	188.0	0.4
13.0	27.2	164.0	11.6
16.4	23.6	174.0	6.0
1.4	19.0	174.0	0.0
2.8	27.6	172.0	0.0
2.0	24.4	198.0	0.0
6.6	25.0	180.0	0.0
14.4	27.6	156.0	0.4
7.6	20.6	198.0	2.4
14.4	23.8	198.0	54.4
15.0	23.4	170.0	5.2
-4.8	17.2	170.0	2.8
4.4	23.0	188.0	8.4
4.0	21.8	174.0	2.8
10.0	25.2	200.0	2.8
2.6	28.0	198.0	0.0
1.6	22.0	200.0	0.0
7.6	30.2	198.0	0.0
6.0	28.4	198.0	3.6
3.6	18.0	172.0	0.0
3.4	24.6	180.0	10.8
8.4	25.6	186.0	0.0
4.2	34.0	200.0	0.0
3.4	31.8	200.0	0.4
11.0	28.4	164.0	0.0
-1.8	25.4	158.0	0.0
-0.2	26.0	188.0	0.0
0.8	33.6	156.0	0.4
4.0	32.8	162.0	0.0
15.8	41.4	184.0	2.8
17.8	35.4	178.0	1.6
15.0	27.0	152.0	0.0
17.6	23.4	174.0	30.4
11.6	30.0	130.0	30.4
19.6	31.6	188.0	21.2
8.4	32.4	198.0	0.0
2.4	27.4	198.0	0.0
3.0	31.0	158.0	0.4
4.4	30.0	144.0	0.0
2.2	29.8	198.0	0.0
3.8	35.2	174.0	0.0
15.0	35.8	192.0	46.0
6.8	35.0	164.0	2.4
6.4	35.2	198.0	0.0
10.4	32.8	180.0	0.0
16.4	27.2	152.0	3.2
12.2	29.8	188.0	2.0
1.4	35.0	160.0	0.4
9.8	38.0	138.0	0.4
7.8	38.8	158.0	0.0
12.0	42.2	162.0	0.0
13.2	46.4	158.0	0.0
14.6	48.2	150.0	0.0
26.6	36.0	146.0	0.0
5.0	33.4	158.0	0.0
7.4	35.8	154.0	0.0
7.2	38.4	134.0	0.0
12.2	40.8	140.0	0.0
11.2	43.0	148.0	0.0
12.8	41.8	164.0	0.0
12.4	32.6	136.0	0.4
-0.4	29.8	110.0	0.0
3.4	33.8	116.0	0.0
5.8	38.0	120.0	0.0
9.0	40.2	118.0	0.0
8.6	42.6	142.0	0.0
9.6	45.2	150.0	0.0
13.6	40.2	108.0	0.0
6.2	39.4	128.0	0.0
7.4	42.2	130.0	0.0
9.6	49.2	130.0	0.0
13.8	54.2	142.0	0.0
19.2	58.8	152.0	0.0
20.2	62.0	140.0	0.0
20.0	68.2	146.0	0.0
24.0	48.6	126.0	0.0
20.4	46.2	132.0	0.0
20.6	55.6	150.0	0.0
26.4	59.4	126.0	0.0
30.8	44.2	170.0	0.8
21.4	48.8	160.0	3.6
17.4	48.4	120.0	0.0
20.0	54.2	148.0	0.8
21.0	64.8	144.0	0.0
26.2	59.2	158.0	0.0
32.0	58.0	164.0	0.0
17.2	55.0	128.0	0.0
16.6	58.4	126.0	0.0
22.6	63.6	128.0	0.0
33.2	49.4	160.0	3.2
26.6	50.4	132.0	1.6
28.2	49.2	118.0	0.4
20.6	53.2	138.0	0.0
20.0	61.0	134.0	0.0
34.8	51.8	110.0	0.0
27.2	50.6	82.0	0.0
12.4	51.0	108.0	0.0
18.6	55.8	110.0	0.0
19.4	56.2	118.0	0.0
34.2	43.4	180.0	10.8
30.0	54.6	180.0	30.4
31.8	54.2	164.0	45.6
24.6	53.6	130.0	0.4
29.4	57.4	126.0	0.0
33.2	43.2	152.0	13.2
30.4	50.2	180.0	8.4
24.2	46.8	128.0	3.6
18.4	51.4	120.0	0.0
24.0	59.2	130.0	0.0
31.6	64.6	136.0	0.0
35.6	56.6	128.0	0.0
35.8	56.4	156.0	21.2
31.8	55.0	190.0	9.6
27.6	52.4	108.0	0.0
24.8	51.8	96.0	0.0
23.2	53.4	118.0	0.0
24.6	62.0	134.0	0.0
26.6	67.0	112.0	0.0
36.2	74.4	94.0	0.0
35.6	68.6	92.0	0.0
24.8	53.2	106.0	0.0
19.2	56.6	116.0	0.0
19.8	53.4	108.0	0.0
20.4	57.4	102.0	0.0
20.0	67.6	112.0	0.0
35.8	42.6	96.0	0.0
11.4	43.6	86.0	0.0
16.2	56.6	114.0	0.0
24.4	54.0	104.0	0.0
20.0	63.2	122.0	0.0
35.4	60.2	90.0	0.0
19.8	45.0	92.0	0.4
19.2	58.6	86.0	0.0
26.8	64.0	92.0	0.0
28.8	68.2	100.0	0.0
35.8	73.0	90.0	0.0
43.2	67.2	110.0	0.0
42.2	61.4	162.0	1.6
39.4	61.4	112.0	20.4
28.4	63.0	108.0	0.0
30.6	54.0	96.0	0.0
17.8	49.2	96.0	0.0
18.8	55.8	114.0	0.0
22.6	69.6	86.0	0.0
31.2	66.4	94.0	0.0
31.0	68.6	78.0	0.0
33.4	68.2	78.0	0.0
33.0	74.2	92.0	0.0
41.6	80.0	100.0	0.0
39.4	83.0	36.0	0.0
36.0	50.6	136.0	20.0
34.0	60.6	106.0	0.0
35.4	60.0	108.0	0.0
30.6	63.2	102.0	0.0
35.4	64.0	80.0	0.0
37.6	46.2	178.0	6.4
20.4	50.0	94.0	19.6
25.6	56.4	98.0	0.0
26.4	64.6	94.0	0.0
31.4	68.6	94.0	0.0
34.6	73.2	106.0	0.0
40.8	75.2	92.0	0.0
41.8	67.2	108.0	0.8
36.8	46.2	124.0	4.4
34.6	47.4	148.0	31.2
31.0	45.8	184.0	13.6
34.0	56.2	152.0	0.4
32.8	56.0	92.0	0.0
28.6	63.4	126.0	0.0
33.4	70.0	104.0	0.0
35.6	74.0	108.0	0.0
35.4	78.4	92.0	0.0
41.2	77.8	80.0	0.0
40.4	86.0	102.0	0.0
53.6	60.4	100.0	0.0
20.8	50.4	82.0	0.0
21.4	58.8	90.0	0.0
29.0	61.2	102.0	0.0
28.8	67.0	106.0	0.0
32.2	80.0	92.0	0.0
46.8	67.8	46.0	0.0
40.8	76.0	124.0	0.0
45.6	56.2	134.0	0.0
34.0	62.6	144.0	25.2
33.2	66.4	110.0	0.0
36.2	65.6	112.0	0.0
37.4	68.4	96.0	0.0
37.0	51.4	192.0	38.8
35.4	63.4	166.0	8.4
34.2	48.4	154.0	0.0
20.0	56.2	140.0	0.0
27.6	48.4	158.0	14.0
26.0	52.2	176.0	57.2
28.8	59.4	138.0	0.4
39.6	51.6	134.0	0.0
33.0	59.6	106.0	0.8
28.4	59.8	94.0	0.0
29.2	60.6	128.0	0.0
30.4	65.6	134.0	0.0
36.0	70.4	102.0	0.0
37.6	70.0	108.0	0.0
31.4	70.0	128.0	0.0
34.6	70.4	106.0	0.0
34.6	69.8	118.0	0.0
33.8	75.4	110.0	0.0
44.6	60.6	106.0	0.0
27.6	57.8	116.0	0.0
30.4	52.6	108.0	0.0
21.0	53.4	90.0	0.0
25.4	61.0	126.0	0.0
27.8	65.8	128.0	0.0
30.4	62.4	122.0	0.0
27.2	68.8	120.0	0.0
30.4	70.8	102.0	0.0
40.2	79.0	92.0	0.0
45.0	81.8	86.0	0.0
44.8	72.8	76.0	0.0
29.8	62.4	102.0	0.4
29.4	66.2	116.0	0.0
32.4	66.8	118.0	0.0
30.8	64.6	112.0	0.0
29.4	70.2	126.0	0.0
33.6	74.4	96.0	0.0
33.4	70.0	74.0	0.0
31.8	74.0	114.0	0.0
40.6	77.0	100.0	0.0
41.0	74.2	108.0	0.0
34.8	77.0	112.0	0.4
40.2	76.6	112.0	0.0
37.4	76.6	98.0	0.0
49.2	73.6	108.0	0.0
40.0	64.6	140.0	1.2
40.0	68.0	160.0	13.2
38.8	70.4	142.0	0.4
36.0	70.2	118.0	0.0
40.8	63.6	108.0	0.0
38.4	61.6	122.0	0.0
32.0	62.2	128.0	0.8
39.6	42.2	196.0	20.8
19.0	42.2	134.0	20.8
25.4	48.4	100.0	0.0
24.8	50.4	108.0	0.0
22.0	53.0	134.0	0.0
20.0	54.2	162.0	0.0
28.4	50.2	138.0	0.0
31.0	56.8	170.0	0.4
17.8	52.8	144.0	0.0
20.0	54.8	150.0	0.0
23.4	55.6	148.0	0.0
27.6	52.4	138.0	0.0
23.6	40.8	142.0	1.6
19.0	51.0	166.0	0.0
18.4	54.0	162.0	0.0
17.2	60.0	146.0	0.0
15.2	53.0	108.0	0.0
19.4	57.6	118.0	0.0
21.0	63.6	130.0	0.0
15.8	52.8	100.0	0.0
10.6	45.0	168.0	0.0
22.8	39.4	132.0	0.0
9.6	46.2	140.0	0.8
12.2	48.0	142.0	0.0
17.4	49.8	140.0	0.0
16.8	49.4	126.0	0.0
17.8	54.4	122.0	0.0
20.0	57.4	126.0	0.0
22.0	55.2	146.0	0.0
25.8	57.0	136.0	0.0
23.4	50.8	136.0	0.0
21.2	51.4	144.0	7.6
19.0	52.2	134.0	0.0
17.6	54.0	136.0	0.0
19.6	44.8	122.0	0.0
25.6	47.2	194.0	7.2
18.8	45.4	98.0	0.0
14.2	49.8	126.0	0.0
13.4	48.6	136.0	0.0
12.2	50.8	132.0	0.0
12.8	53.2	124.0	0.0
23.4	57.0	140.0	0.0
24.2	53.8	136.0	0.0
33.6	46.8	200.0	17.2
26.4	40.0	148.0	8.0
7.6	33.8	176.0	0.0
13.2	44.4	132.0	0.0
22.0	35.0	146.0	4.8
21.0	40.6	146.0	0.0
13.4	50.4	146.0	0.0
15.8	48.0	158.0	0.0
27.8	36.4	200.0	26.4
29.4	36.6	180.0	92.0
26.8	34.6	170.0	26.8
18.6	31.6	164.0	4.4
21.6	34.4	192.0	4.0
27.2	40.4	164.0	0.4
17.4	40.6	182.0	0.0
19.0	44.2	172.0	0.0
12.6	40.8	200.0	0.0
18.2	36.6	156.0	9.6
16.0	34.6	160.0	0.0
16.6	34.6	164.0	0.0
24.2	37.0	158.0	0.0
9.4	35.8	182.0	0.0
10.6	43.6	162.0	0.0
20.8	31.6	150.0	6.0
16.4	32.4	180.0	0.0
5.0	29.6	198.0	0.0
13.8	28.2	200.0	30.4
9.6	28.0	172.0	2.4
7.6	28.8	172.0	0.0
1.0	28.2	198.0	0.4
7.2	28.2	178.0	0.0
3.6	31.8	176.0	0.0
6.4	34.6	160.0	0.0
6.6	36.2	170.0	0.0
9.4	27.2	146.0	0.0
19.6	29.8	190.0	23.2
21.6	29.2	194.0	23.2
14.4	24.6	198.0	2.4
18.0	25.2	184.0	7.2
19.6	29.2	176.0	3.6
22.8	31.4	160.0	14.4
21.0	27.6	178.0	6.0
19.2	26.0	138.0	2.4
0.8	25.4	170.0	0.0
-1.2	27.6	176.0	0.4
1.8	30.4	180.0	0.0
1.8	22.8	200.0	0.4
0.0	25.8	190.0	0.0
8.2	31.8	194.0	15.2
18.0	35.2	200.0	0.4
16.2	28.6	198.0	0.4
20.0	33.2	180.0	28.8
17.6	23.2	178.0	2.8
18.2	27.4	178.0	25.2
18.0	26.4	170.0	0.4
13.2	16.4	174.0	8.0
-1.6	21.0	190.0	5.2
-2.6	15.0	198.0	0.0
4.2	21.2	200.0	0.4
5.0	23.6	200.0	0.4
12.4	27.0	198.0	1.6
6.0	22.4	180.0	0.0
10.4	22.8	192.0	22.8
14.4	25.0	176.0	0.8
15.8	25.4	200.0	0.4
16.4	23.4	194.0	0.4
13.4	21.2	184.0	2.0
14.4	30.8	160.0	15.2
8.0	33.0	200.0	0.0
13.0	23.6	192.0	0.4
14.0	31.6	200.0	4.0
12.4	28.0	200.0	0.0
18.2	32.4	164.0	33.2
17.2	25.8	158.0	0.8
7.2	19.0	174.0	19.2
-0.6	21.6	198.0	0.4
8.8	25.6	180.0	0.0
-0.8	28.0	200.0	0.4
0.8	33.0	188.0	0.0
4.2	26.8	200.0	0.0
14.6	30.4	200.0	10.0
17.0	34.6	200.0	0.0
12.4	33.6	200.0	0.8
19.8	36.4	184.0	13.6
14.2	21.6	164.0	48.4
-0.4	20.2	172.0	1.2
9.4	23.0	178.0	24.0
9.0	22.6	170.0	8.0
13.8	25.2	180.0	21.2
11.8	21.6	170.0	0.0
15.4	24.4	188.0	1.6
16.6	24.2	192.0	0.4
16.0	28.6	186.0	4.4
19.2	23.6	200.0	7.6
16.6	27.4	166.0	42.0
-0.4	30.8	170.0	0.0
2.8	30.2	152.0	0.4
1.0	30.6	158.0	0.0
2.4	26.0	200.0	0.0
1.4	31.2	176.0	0.4
2.8	30.2	178.0	0.0
3.6	34.4	174.0	0.0
14.8	30.0	158.0	5.2
9.4	26.8	162.0	0.4
1.4	23.2	200.0	0.0
9.4	30.8	174.0	1.2
9.4	33.2	162.0	0.4
4.4	33.6	200.0	0.0
3.4	37.0	178.0	0.0
12.0	36.0	184.0	0.0
8.0	39.2	200.0	0.0
18.6	32.8	116.0	0.0
10.6	24.0	172.0	22.0
10.8	30.8	166.0	2.0
16.8	27.8	182.0	0.4
8.4	31.4	176.0	22.0
5.2	24.4	158.0	0.0
6.6	28.2	194.0	0.4
0.4	27.2	200.0	0.0
1.4	27.0	170.0	0.4
4.2	33.8	178.0	0.0
6.8	36.4	170.0	0.0
15.6	30.6	162.0	0.0
21.2	36.8	200.0	44.0
17.0	33.4	192.0	0.8
12.2	27.8	174.0	0.4
19.2	33.2	180.0	67.2
15.4	30.2	164.0	1.2
8.8	31.8	186.0	0.0
8.8	36.2	200.0	0.0
11.0	41.0	180.0	0.0
16.2	40.6	188.0	0.0
25.2	35.6	172.0	8.0
22.4	35.4	182.0	34.0
7.4	29.8	162.0	0.4
10.2	35.6	172.0	0.0
13.8	39.4	158.0	0.0
24.8	32.4	168.0	17.2
16.6	27.2	176.0	21.6
18.8	32.2	174.0	0.8
8.8	36.4	172.0	1.2
14.2	27.6	196.0	2.4
14.8	31.8	162.0	14.8
10.6	29.8	148.0	0.0
19.6	32.4	192.0	25.6
18.6	37.6	152.0	0.0
9.8	41.0	146.0	0.0
16.6	41.0	166.0	0.0
22.0	35.0	192.0	6.0
9.6	31.8	146.0	0.0
14.2	30.4	158.0	5.6
10.6	35.8	156.0	3.6
22.2	29.6	178.0	41.2
16.8	27.4	196.0	32.4
18.4	29.8	196.0	18.0
11.8	43.4	172.0	1.6
21.6	30.2	152.0	24.8
16.6	30.0	180.0	17.2
7.0	31.4	156.0	15.6
14.0	43.2	144.0	0.0
18.0	47.6	172.0	0.0
23.6	44.2	166.0	0.0
16.6	41.8	152.0	0.0
19.2	29.6	178.0	13.2
11.4	29.6	162.0	1.2
10.6	33.4	150.0	0.4
13.8	37.0	114.0	0.4
8.4	41.4	154.0	0.0
11.4	44.8	164.0	0.0
23.6	49.8	106.0	0.0
19.4	35.2	170.0	19.2
20.2	32.8	164.0	1.6
9.4	32.4	146.0	5.2
7.2	38.8	156.0	0.4
14.8	47.4	150.0	0.0
12.8	32.4	146.0	2.0
6.6	35.2	134.0	0.0
7.2	38.0	134.0	0.0
10.6	45.8	164.0	0.0
25.4	49.2	104.0	0.0
16.4	44.4	144.0	0.0
15.0	46.6	130.0	0.0
18.6	51.4	144.0	0.0
29.4	48.6	128.0	0.0
10.2	34.0	134.0	2.0
14.2	37.2	126.0	0.0
15.2	39.4	144.0	0.0
13.8	46.0	142.0	0.0
15.2	56.4	140.0	0.0
19.2	36.8	114.0	0.0
15.8	41.8	132.0	0.0
17.6	58.8	140.0	0.0
23.2	49.8	128.0	0.0
19.4	51.8	146.0	0.0
19.8	48.8	134.0	0.0
15.4	53.8	134.0	0.0
28.2	54.2	174.0	16.0
23.4	32.0	174.0	3.6
22.6	41.8	160.0	37.6
13.8	45.8	122.0	1.6
17.8	52.6	148.0	0.0
22.0	58.6	146.0	0.0
28.0	59.8	132.0	0.0
29.6	63.0	148.0	0.0
29.2	64.0	118.0	0.0
38.4	72.4	132.0	1.6
43.2	53.2	102.0	0.0
28.6	43.2	196.0	38.4
11.8	43.2	124.0	0.4
16.4	44.0	110.0	0.0
14.6	49.0	126.0	0.0
18.6	56.2	134.0	0.0
22.8	58.4	112.0	0.0
21.6	58.8	124.0	0.0
25.8	64.4	112.0	0.0
27.4	60.4	116.0	0.0
25.6	61.6	122.0	0.0
27.6	62.4	116.0	0.0
25.6	65.6	92.0	0.0
38.6	65.6	124.0	0.0
39.6	52.2	144.0	0.0
20.0	59.2	124.0	0.0
23.0	59.4	102.0	0.0
19.8	42.0	108.0	2.0
15.0	53.8	112.0	0.0
21.4	59.6	114.0	0.0
23.4	66.0	114.0	0.0
26.8	74.4	102.0	0.0
40.8	53.8	130.0	0.8
27.6	59.6	102.0	0.0
32.0	45.4	186.0	10.4
34.6	57.0	144.0	0.0
18.0	52.6	80.0	0.0
20.6	59.0	104.0	0.0
26.2	59.2	134.0	0.0
19.4	56.6	94.0	2.4
28.2	62.8	94.0	0.0
30.8	70.6	98.0	0.0
35.0	68.0	98.0	0.0
31.8	71.2	116.0	3.2
35.2	73.0	90.0	0.0
41.8	63.0	176.0	4.0
43.8	71.2	100.0	0.0
44.0	55.4	186.0	7.6
45.6	64.2	170.0	6.4
31.8	66.2	108.0	8.8
31.0	63.2	126.0	0.0
29.8	64.0	126.0	0.0
27.4	64.0	102.0	0.0
32.4	66.0	106.0	0.0
36.0	67.0	96.0	0.0
34.2	70.8	120.0	0.0
35.8	70.8	96.0	0.0
38.2	72.0	134.0	0.0
42.6	61.4	122.0	0.0
39.6	62.0	154.0	21.2
40.2	68.4	144.0	0.0
29.0	70.0	114.0	0.0
33.4	64.0	128.0	0.0
33.8	50.8	124.0	28.4
23.0	63.2	124.0	0.0
26.6	69.6	124.0	0.0
32.0	81.8	112.0	0.0
33.4	60.8	88.0	0.0
29.8	66.6	104.0	0.0
37.2	56.2	200.0	36.0
22.8	60.2	128.0	5.2
29.2	65.8	122.0	0.0
38.4	78.6	116.0	0.0
46.4	65.2	142.0	0.0
32.6	64.8	106.0	0.0
31.6	68.4	112.0	0.0
34.8	71.8	110.0	0.0
35.0	73.8	128.0	0.0
33.6	77.0	100.0	0.0
32.8	85.0	92.0	0.0
47.0	64.2	118.0	0.0
31.4	55.6	110.0	0.0
23.8	56.2	130.0	0.0
24.0	67.2	126.0	0.0
29.0	68.6	116.0	0.0
37.8	65.2	98.0	0.0
41.8	47.6	188.0	6.8
37.8	66.2	132.0	10.4
40.0	71.6	98.0	0.0
41.0	80.6	124.0	0.0
46.0	87.4	134.0	0.0
47.8	81.4	122.0	0.0
40.0	42.4	144.0	2.8
20.0	51.2	114.0	2.0
23.0	57.2	114.0	0.0
23.8	65.8	130.0	0.0
26.8	75.6	100.0	0.0
35.0	64.0	106.0	0.0
27.8	50.2	124.0	2.0
15.0	44.2	164.0	0.0
16.8	54.2	146.0	0.0
21.2	69.4	120.0	0.0
29.0	71.8	106.0	0.0
30.2	67.2	104.0	0.0
30.8	60.6	102.0	0.0
29.4	61.8	110.0	0.0
28.2	64.4	120.0	0.0
30.6	67.2	118.0	0.0
33.4	68.6	114.0	0.0
35.4	69.0	116.0	0.0
37.0	64.2	102.0	0.0
37.8	62.4	124.0	0.0
38.4	64.8	154.0	0.0
30.8	59.8	94.0	0.0
33.6	59.8	94.0	0.0
24.8	59.0	114.0	0.0
23.8	60.6	134.0	0.0
22.0	65.4	102.0	0.0
28.6	65.0	98.0	0.0
32.0	61.8	130.0	0.0
30.8	67.8	130.0	0.0
33.4	67.6	120.0	0.0
41.8	63.0	112.0	0.0
38.6	62.4	110.0	0.0
27.2	65.2	104.0	0.0
30.6	69.8	124.0	0.0
38.8	47.4	128.0	0.0
28.4	55.6	136.0	0.0
35.2	48.8	164.0	0.0
31.2	60.6	172.0	0.4
35.0	69.4	162.0	0.0
24.6	52.0	148.0	6.4
21.0	56.0	152.0	0.4
23.4	42.6	136.0	0.0
13.0	42.8	134.0	0.0
12.0	44.2	160.0	0.0
15.2	45.6	108.0	0.0
24.2	47.8	108.0	0.0
17.2	47.8	130.0	0.0
18.2	48.4	126.0	0.0
18.6	49.6	128.0	0.0
17.4	50.8	136.0	0.0
18.2	48.4	146.0	0.0
28.2	39.8	138.0	3.6
15.6	34.8	178.0	21.6
11.8	42.6	162.0	0.4
16.2	47.8	128.0	0.0
16.8	48.2	152.0	0.0
15.6	48.4	152.0	0.0
11.4	42.4	154.0	0.0
12.8	42.8	150.0	0.0
17.2	49.6	142.0	0.0
22.0	53.8	136.0	0.0
19.2	49.2	156.0	0.0
19.4	52.6	150.0	0.0
29.0	35.2	190.0	2.0
29.6	39.4	200.0	34.4
22.4	47.6	174.0	1.2
22.0	46.6	162.0	0.0
30.8	40.8	200.0	19.2
20.0	31.4	170.0	62.4
4.8	33.4	142.0	0.4
7.0	34.6	158.0	0.0
12.6	39.6	200.0	0.0
13.6	39.8	198.0	0.0
14.2	38.2	192.0	0.0
19.4	32.8	162.0	0.0
4.8	35.8	132.0	0.0
7.0	37.6	144.0	0.0
9.0	37.4	160.0	0.0
13.8	42.2	196.0	0.0
8.2	32.2	140.0	0.0
3.4	33.6	160.0	0.0
5.4	36.2	158.0	0.0
6.2	39.6	152.0	0.0
7.8	39.8	200.0	0.0
8.4	32.8	200.0	0.0
9.2	38.8	166.0	0.0
15.4	36.4	164.0	0.0
9.4	39.2	180.0	0.0
8.0	37.6	158.0	0.0
8.8	35.2	182.0	0.0
13.4	45.2	154.0	0.0
19.6	30.6	140.0	0.0
22.4	38.4	200.0	37.2
13.6	36.8	200.0	0.4
11.8	34.8	200.0	0.4
8.8	39.2	200.0	0.0
19.8	31.6	168.0	12.4
8.4	28.0	200.0	0.4
17.4	31.2	186.0	0.0
12.2	35.2	188.0	0.0
18.0	28.6	186.0	14.0
5.6	24.8	182.0	14.8
12.0	18.8	192.0	0.8
-0.8	26.6	200.0	10.4
-2.2	29.0	180.0	0.0
-1.6	28.2	180.0	0.4
-1.0	30.6	180.0	0.0
-1.8	29.0	190.0	0.0
2.4	25.0	200.0	0.4
7.2	29.0	180.0	8.4
-1.2	31.6	162.0	0.0
1.4	31.2	180.0	0.0
2.2	30.4	200.0	0.0
3.8	33.4	188.0	0.0
2.8	33.2	200.0	0.0
3.8	30.2	200.0	0.4
6.6	31.8	200.0	0.4
3.2	30.6	200.0	0.4
4.2	29.4	200.0	0.0
6.4	25.8	200.0	0.4
7.2	31.0	200.0	0.0
2.0	34.0	200.0	0.0
-0.4	29.4	200.0	0.0
2.4	29.8	200.0	0.4
2.4	30.4	200.0	0.8
1.6	26.8	200.0	0.0
2.2	23.8	200.0	0.0
2.2	28.2	200.0	0.4
7.8	21.8	176.0	0.0
26.6	68.4	134.0	0.0
29.4	52.2	118.0	0.0
27.2	44.6	114.0	0.0
35.4	62.4	124.0	0.0
31.0	77.6	134.0	0.0
28.0	78.6	112.0	0.0
30.6	80.6	138.0	0.0
37.8	44.6	150.0	0.0
29.6	44.8	130.0	0.8
23.8	52.0	126.0	0.4
25.2	60.4	122.0	0.0
30.6	58.8	156.0	8.0
36.8	65.4	166.0	0.0
31.8	79.8	140.0	0.0
36.0	85.8	86.0	0.0
29.2	69.0	100.0	0.8
31.0	47.4	106.0	0.0
20.6	57.4	116.0	0.0
22.6	67.0	126.0	0.0
29.2	78.4	122.0	0.0
41.0	76.8	116.0	0.8
39.2	67.4	138.0	38.8
40.6	72.2	126.0	0.4
41.6	81.4	122.0	0.0
37.4	56.8	122.0	0.0
39.4	62.0	130.0	0.0
38.6	56.0	186.0	7.2
32.6	71.4	166.0	0.0
32.2	70.8	150.0	0.0
34.8	69.2	136.0	0.0
31.8	73.2	150.0	0.0
36.6	62.6	140.0	0.0
39.0	70.2	156.0	0.0
39.0	66.8	134.0	0.0
41.2	65.2	144.0	0.0
37.8	79.4	150.0	0.0
40.8	80.2	130.0	0.0
38.4	84.0	118.0	1.6
34.0	80.0	102.0	0.0
41.2	46.6	158.0	0.0
33.2	38.8	184.0	4.0
31.0	44.2	158.0	9.2
28.6	40.6	156.0	8.4
28.6	42.2	178.0	2.0
29.2	36.2	188.0	42.4
30.0	43.8	182.0	72.0
32.4	50.0	156.0	46.8
31.6	44.6	182.0	1.6
34.0	54.8	178.0	19.6
33.2	62.4	156.0	0.0
34.8	62.6	152.0	0.4
40.4	53.4	184.0	2.0
35.6	52.2	160.0	0.4
34.8	60.6	146.0	0.0
33.2	63.0	182.0	8.4
39.0	57.0	168.0	0.4
33.0	51.4	150.0	0.0
25.8	51.6	156.0	0.0
25.4	64.0	162.0	0.0
35.2	56.8	156.0	0.0
36.2	55.8	170.0	0.0
32.4	55.2	182.0	0.0
39.4	49.2	176.0	0.0
18.8	51.6	88.0	0.0
17.2	50.8	152.0	0.0
26.2	57.6	160.0	0.0
34.8	50.2	160.0	0.0
32.0	48.2	196.0	24.8
33.8	51.8	192.0	1.6
28.8	45.8	146.0	0.4
29.2	52.2	198.0	9.6
32.8	54.4	182.0	0.0
30.2	57.6	192.0	0.0
30.2	60.8	198.0	49.2
23.8	54.0	100.0	0.0
18.8	51.6	126.0	0.0
29.0	52.2	142.0	0.0
23.6	60.0	184.0	0.0
29.4	59.4	180.0	0.0
29.4	53.0	198.0	0.0
24.0	56.0	196.0	0.0
27.4	58.6	194.0	0.0
31.2	64.8	194.0	0.0
30.0	66.2	198.0	0.0
34.0	62.6	194.0	49.6
36.8	46.8	160.0	7.6
25.2	50.0	178.0	0.4
22.6	52.8	192.0	0.0
30.0	52.4	168.0	0.0
35.2	42.8	174.0	6.4
35.2	45.8	194.0	64.0
37.2	49.8	194.0	30.8
36.2	53.6	198.0	8.0
34.4	40.4	172.0	3.6
31.0	47.4	134.0	0.0
23.4	42.6	146.0	0.4
26.2	44.2	144.0	0.0
18.6	46.8	134.0	0.0
20.6	47.0	158.0	0.0
21.4	49.6	170.0	0.0
29.0	48.4	170.0	0.0
33.0	48.0	170.0	1.6
35.4	44.6	184.0	0.4
29.8	54.6	190.0	26.0
22.6	56.6	184.0	0.8
17.8	47.8	122.0	0.0
14.4	46.8	146.0	0.0
23.4	46.4	134.0	0.0
28.0	39.8	134.0	0.0
26.0	37.2	180.0	6.4
26.4	40.8	170.0	4.8
27.4	43.8	170.0	16.8
27.2	42.2	154.0	3.2
15.8	45.2	198.0	0.4
25.6	45.0	104.0	0.8
25.4	37.8	98.0	0.0
9.6	35.4	96.0	0.0
9.6	42.2	114.0	0.0
9.2	35.6	142.0	0.0
13.4	38.0	136.0	0.0
8.4	42.8	180.0	0.0
9.6	44.2	132.0	0.0
17.0	43.8	146.0	0.0
12.6	46.6	186.0	0.0
19.8	41.6	144.0	0.0
14.2	44.4	198.0	0.0
12.6	45.8	182.0	0.0
17.0	41.6	138.0	0.0
13.4	44.4	168.0	0.0
18.8	38.2	130.0	0.0
15.8	41.8	168.0	0.8
7.4	41.4	196.0	0.8
6.8	42.0	198.0	0.0
5.2	40.6	146.0	0.0
8.8	42.0	132.0	0.0
24.4	44.0	118.0	0.0
5.6	41.8	160.0	0.0
11.4	41.8	150.0	0.0
22.8	42.8	198.0	2.0
25.8	38.4	198.0	34.4
25.6	38.0	168.0	92.8
27.4	37.2	144.0	10.0
28.4	41.2	172.0	31.6
25.2	42.2	170.0	3.2
19.0	38.6	188.0	0.4
15.2	43.6	198.0	0.0
20.2	31.2	198.0	0.0
18.0	35.8	198.0	28.4
16.6	34.8	140.0	0.0
16.0	35.6	140.0	0.0
19.6	38.0	196.0	22.8
20.2	32.6	182.0	0.8
21.0	37.4	182.0	0.0
24.6	38.0	198.0	17.2
17.0	35.2	198.0	0.4
20.4	39.0	198.0	0.0
6.8	37.6	184.0	0.4
14.0	38.0	198.0	2.4
8.2	37.6	166.0	0.0
8.6	33.6	140.0	0.0
14.8	26.8	92.0	0.0
0.0	33.8	144.0	0.0
3.8	34.0	198.0	0.0
8.4	26.6	198.0	0.0
4.2	39.0	198.0	0.4
7.6	34.8	144.0	0.0
17.6	33.2	146.0	0.0
14.6	32.8	172.0	1.2
16.0	37.0	178.0	5.6
15.6	32.8	198.0	2.8
0.0	38.6	200.0	0.0
9.0	39.6	200.0	0.0
3.2	34.2	200.0	0.4
5.2	32.0	200.0	1.2
8.0	36.6	180.0	0.0
11.6	31.6	194.0	0.4
16.2	37.8	200.0	0.0
7.4	41.2	178.0	0.0
15.2	36.2	198.0	0.0
16.8	40.8	110.0	0.0
10.0	36.4	104.0	0.0
15.0	30.6	106.0	0.0
8.2	33.0	114.0	0.0
11.8	33.4	126.0	0.0
0.0	31.8	198.0	0.0
6.6	29.0	142.0	0.0
11.0	31.2	196.0	2.4
12.0	34.0	200.0	11.2
14.2	36.0	198.0	3.6
10.8	32.2	200.0	0.0
12.2	36.6	198.0	0.4
15.8	35.6	128.0	0.0
9.2	32.0	138.0	0.0
-0.6	32.6	198.0	0.0
8.4	33.0	174.0	0.4
15.4	32.6	136.0	8.0
2.2	35.8	198.0	0.0
-0.6	39.0	188.0	0.0
0.8	39.6	192.0	0.4
1.8	45.2	162.0	0.0
10.6	50.8	124.0	0.0
15.2	34.0	126.0	3.2
8.0	34.0	144.0	0.0
-2.6	35.8	198.0	0.4
5.6	24.6	200.0	0.0
5.6	36.8	134.0	10.4
1.8	36.2	162.0	0.0
0.8	37.6	158.0	0.0
2.4	38.6	168.0	0.0
4.4	38.6	144.0	0.0
3.6	38.0	154.0	0.0
0.0	38.2	168.0	0.0
2.8	40.2	146.0	0.0
11.8	37.2	168.0	0.0
1.0	39.0	198.0	0.0
3.4	39.4	198.0	0.0
3.4	46.8	194.0	0.0
3.2	34.6	102.0	0.0
-1.8	36.2	146.0	0.0
-0.2	34.4	198.0	0.0
9.0	35.4	200.0	0.0
4.6	39.8	198.0	6.0
2.6	40.6	172.0	0.0
7.8	43.4	138.0	0.0
2.8	44.8	172.0	0.0
0.0	51.6	196.0	0.4
20.2	43.4	82.0	0.0
7.4	38.6	98.0	0.0
1.8	40.0	170.0	0.0
7.6	43.8	198.0	0.0
6.6	54.2	138.0	0.0
16.8	40.4	122.0	0.0
10.4	50.2	158.0	0.0
20.2	47.0	92.0	0.0
20.2	38.2	64.0	0.8
20.4	41.6	64.0	0.0
7.0	48.2	96.0	0.0
2.4	48.8	104.0	0.0
20.4	53.6	146.0	0.0
23.6	37.0	80.0	0.4
8.0	41.0	112.0	0.0
7.4	44.0	106.0	0.0
7.6	41.8	114.0	0.0
12.4	34.8	158.0	0.0
19.0	49.8	196.0	15.2
19.6	42.8	90.0	0.0
7.0	42.4	134.0	0.0
15.2	42.6	184.0	0.0
11.2	40.2	120.0	10.0
8.2	41.0	98.0	0.4
5.2	44.6	118.0	0.0
5.0	46.4	116.0	0.0
5.4	58.8	104.0	0.0
8.8	61.2	84.0	0.0
19.2	42.0	130.0	0.0
26.2	46.6	164.0	0.0
20.0	43.0	130.0	0.0
24.8	65.4	198.0	0.0
25.2	49.4	100.0	0.4
18.4	50.0	126.0	0.0
14.4	57.4	112.0	0.0
18.6	48.6	140.0	2.0
22.4	62.2	114.0	0.4
30.2	42.2	96.0	25.2
25.4	46.2	80.0	0.4
8.6	53.0	102.0	0.0
28.2	37.6	64.0	0.0
14.2	33.6	72.0	0.0
10.2	41.8	90.0	0.0
8.6	46.4	100.0	0.0
9.4	55.2	108.0	0.0
13.0	64.6	98.0	0.0
21.4	41.6	136.0	0.0
26.6	30.8	148.0	8.4
0.0	42.0	0.0	0.0
16.0	42.0	158.0	27.2
9.0	38.4	112.0	0.4
19.2	39.0	98.0	0.8
13.6	35.4	126.0	0.0
14.0	38.0	128.0	1.6
18.6	39.0	160.0	0.4
11.6	45.2	164.0	0.0
26.0	48.0	74.0	0.0
23.8	43.4	72.0	0.0
15.2	44.4	110.0	3.6
10.0	42.8	86.0	0.0
11.4	46.0	110.0	0.0
17.8	45.6	140.0	0.0
14.2	49.2	142.0	0.0
17.0	62.8	148.0	0.0
18.4	69.4	94.0	0.0
32.0	48.0	148.0	0.0
30.8	64.8	134.0	0.0
26.6	51.8	124.0	0.0
29.8	39.0	146.0	0.0
0.0	52.2	168.0	0.0
31.2	47.6	158.0	0.4
27.4	56.2	152.0	0.0
31.2	52.4	144.0	0.0
23.4	61.0	146.0	0.0
29.6	59.8	144.0	0.0
34.2	77.4	150.0	0.0
35.0	40.6	158.0	0.0
28.8	43.6	146.0	0.4
29.0	42.4	160.0	6.0
31.2	51.2	170.0	4.8
26.6	43.6	170.0	0.4
32.2	57.4	158.0	1.6
22.6	60.6	142.0	0.0
22.8	56.4	124.0	0.0
23.0	74.0	136.0	0.0
35.2	44.6	134.0	0.0
19.4	64.8	132.0	0.0
26.4	58.0	76.0	0.0
35.6	74.6	130.0	0.0
36.6	47.8	124.0	0.0
30.8	60.2	120.0	0.0
28.8	73.4	130.0	0.0
35.0	83.8	120.0	0.0
43.6	70.6	90.0	0.8
35.8	83.2	140.0	0.0
35.2	41.6	140.0	3.2
29.4	45.4	168.0	11.6
32.4	63.8	146.0	0.0
34.2	66.6	138.0	0.0
35.8	69.0	100.0	5.6
31.2	79.6	98.0	0.0
32.4	62.4	52.0	0.0
26.4	46.0	102.0	0.0
25.8	46.8	102.0	9.2
25.8	47.2	120.0	1.2
20.2	61.0	114.0	0.4
25.8	54.6	118.0	0.0
28.2	61.4	118.0	0.0
29.8	60.4	118.0	0.0
34.4	78.8	128.0	0.0
33.0	72.6	146.0	0.0
33.0	52.2	128.0	1.2
38.4	65.0	130.0	0.0
0.0	65.2	0.0	0.0
30.6	61.6	122.0	0.0
35.8	43.6	168.0	0.0
31.0	54.8	140.0	0.0
41.6	69.6	128.0	0.4
35.4	85.0	126.0	0.0
37.6	42.0	176.0	8.4
30.0	63.2	136.0	8.4
34.8	46.2	148.0	0.4
33.2	60.8	122.0	0.0
32.2	73.6	132.0	0.4
32.2	74.6	102.0	0.4
34.8	76.8	92.0	0.0
38.8	57.4	118.0	0.0
32.6	40.8	180.0	20.8
34.0	45.6	172.0	2.0
38.0	52.4	198.0	46.8
34.4	56.2	136.0	3.2
30.8	54.4	134.0	0.0
34.4	56.4	168.0	0.0
39.2	58.2	166.0	0.0
40.6	60.6	144.0	0.0
35.6	40.2	184.0	14.4
33.0	48.0	166.0	1.6
30.8	68.0	138.0	0.0
40.0	62.0	138.0	0.0
0.0	77.2	0.0	0.0
39.8	71.0	92.0	0.0
38.6	61.4	126.0	0.0
41.6	80.2	158.0	0.0
43.2	66.4	132.0	0.0
35.8	47.8	184.0	30.8
37.4	54.4	164.0	0.0
41.0	59.0	148.0	0.0
32.4	58.8	142.0	12.8
24.0	50.0	80.0	0.4
20.0	58.0	88.0	0.0
23.4	73.6	72.0	0.0
31.6	79.4	134.0	0.0
34.2	81.2	130.0	0.0
37.8	86.0	106.0	0.8
34.2	61.6	154.0	0.0
42.2	74.6	158.0	0.0
45.6	59.2	130.0	0.0
39.0	59.4	166.0	6.0
39.2	56.4	0.0	0.0
38.0	59.6	158.0	0.8
35.0	63.2	158.0	1.2
38.0	55.4	122.0	2.8
42.6	55.0	0.0	0.0
44.0	58.2	170.0	27.6
39.0	50.4	170.0	43.6
38.0	53.4	178.0	51.2
41.4	53.6	188.0	14.0
40.0	59.8	166.0	2.4
35.8	64.8	172.0	0.4
41.8	50.0	0.0	0.0
42.6	53.4	194.0	41.6
39.8	65.4	188.0	7.2
36.6	51.8	122.0	0.4
31.0	50.6	0.0	0.0
30.0	51.4	162.0	0.0
30.2	59.4	158.0	0.0
32.4	67.4	170.0	0.0
41.0	59.4	0.0	0.0
36.6	49.8	134.0	0.0
29.2	50.6	140.0	0.0
26.4	51.6	144.0	0.0
34.8	57.8	0.0	0.0
33.6	39.0	140.0	25.6
28.4	42.8	146.0	3.6
26.0	49.0	132.0	0.0
28.2	51.4	168.0	0.0
35.0	48.2	160.0	0.0
39.2	60.6	186.0	22.4
41.0	56.0	170.0	0.0
28.2	42.0	132.0	0.0
28.0	47.2	124.0	0.0
29.0	48.6	132.0	0.0
26.4	46.2	144.0	0.0
30.0	51.2	156.0	3.2
29.6	54.6	162.0	0.0
25.2	56.4	176.0	0.0
20.0	57.6	178.0	0.0
21.4	59.0	174.0	0.0
28.4	67.2	0.0	0.0
31.4	70.2	160.0	0.0
35.8	53.4	138.0	0.0
28.6	61.4	166.0	0.0
28.4	53.8	160.0	0.0
32.4	58.0	156.0	0.0
30.0	70.2	176.0	0.0
38.2	59.4	138.0	0.0
34.4	63.6	166.0	0.0
38.2	48.6	182.0	1.6
0.0	42.6	194.0	14.0
33.2	45.2	178.0	42.0
28.2	54.2	134.0	0.0
26.0	49.6	158.0	0.4
24.8	48.4	158.0	0.0
23.8	45.4	158.0	0.8
25.2	43.6	130.0	0.4
28.2	47.6	154.0	0.0
34.0	48.8	198.0	19.6
35.0	54.6	122.0	3.2
23.8	50.4	128.0	0.0
25.6	53.4	166.0	0.0
28.4	55.6	152.0	0.0
20.4	47.2	78.0	0.0
12.2	46.0	108.0	0.0
12.2	50.2	166.0	0.0
19.8	50.8	142.0	0.0
25.2	47.2	162.0	0.0
25.0	52.8	156.0	0.0
25.0	52.2	166.0	0.0
28.2	52.0	160.0	0.0
26.0	53.2	174.0	0.0
22.4	55.0	174.0	0.4
22.2	59.4	156.0	0.0
27.8	55.4	142.0	0.0
31.4	47.4	164.0	4.0
14.2	46.0	104.0	0.0
8.4	36.8	192.0	0.0
9.0	49.6	136.0	0.0
11.4	49.4	104.0	0.0
0.0	48.0	0.0	0.0
22.8	51.0	200.0	0.0
8.8	45.8	0.0	0.0
11.4	49.2	0.0	0.0
14.0	49.2	166.0	0.0
7.4	51.0	166.0	0.0
12.2	38.4	70.0	0.0
4.0	43.2	100.0	0.0
8.0	40.6	138.0	0.0
8.4	44.8	0.0	0.0
17.6	34.6	198.0	0.0
18.2	41.6	140.0	0.0
7.8	40.2	186.0	0.8
15.2	41.8	174.0	0.0
17.6	38.8	142.0	0.4
11.6	37.2	142.0	0.0
10.8	39.8	200.0	0.0
20.6	29.8	0.0	0.0
22.8	37.2	160.0	84.0
23.8	32.8	198.0	0.0
16.6	39.4	164.0	12.4
21.4	35.6	194.0	15.2
21.4	37.6	152.0	10.0
15.0	39.8	184.0	0.0
21.4	38.2	174.0	24.8
26.8	33.8	178.0	72.0
23.0	40.8	138.0	10.4
14.0	36.2	126.0	0.0
13.8	34.6	118.0	0.0
9.6	35.2	198.0	0.0
4.6	32.4	198.0	0.0
14.4	31.0	102.0	0.0
-0.2	34.0	166.0	0.0
3.8	32.4	170.0	0.0
6.4	35.0	136.0	0.0
7.2	36.0	154.0	0.0
6.4	36.6	198.0	0.0
5.4	37.6	200.0	0.4
14.0	38.0	164.0	0.0
5.4	36.4	152.0	0.0
2.8	37.8	160.0	0.0
4.2	38.6	178.0	0.0
21.6	33.0	160.0	0.0
16.8	30.4	182.0	0.0
17.2	35.6	200.0	7.2
15.8	36.2	200.0	0.0
19.6	38.4	178.0	0.8
4.0	31.8	140.0	0.0
3.0	31.0	138.0	0.4
-6.0	32.2	168.0	0.0
-2.0	32.8	166.0	0.4
4.4	24.2	190.0	0.0
7.4	31.2	136.0	3.2
8.6	36.0	130.0	0.0
9.8	29.0	160.0	0.0
18.0	33.4	200.0	3.2
16.0	35.0	142.0	2.0
11.2	32.8	140.0	0.0
13.8	35.0	182.0	3.2
17.8	30.4	200.0	0.0
9.4	36.4	200.0	1.2
16.8	33.8	198.0	0.0
23.2	34.6	106.0	1.2
12.8	33.2	102.0	0.0
4.6	33.4	124.0	0.0
2.6	35.0	166.0	0.0
-1.2	36.0	194.0	0.0
7.6	31.4	196.0	0.0
8.8	33.0	122.0	1.2
10.4	33.2	130.0	0.4
5.8	34.2	120.0	0.0
9.4	36.2	136.0	0.0
9.2	37.4	172.0	0.0
16.8	34.2	198.0	6.8
14.0	34.0	186.0	49.6
14.4	33.6	188.0	0.0
20.0	25.2	200.0	4.0
18.0	26.8	200.0	42.0
17.8	39.6	200.0	14.4
21.0	40.2	200.0	10.4
8.0	39.8	150.0	0.0
10.0	29.8	110.0	0.0
20.4	35.0	136.0	14.8
10.2	36.0	150.0	0.0
5.8	33.2	160.0	0.0
8.6	32.6	116.0	0.0
6.6	32.8	126.0	0.0
2.4	34.0	186.0	0.0
5.4	36.0	176.0	0.0
12.2	25.0	200.0	13.2
13.8	33.0	162.0	12.4
18.2	32.0	108.0	0.0
5.8	41.0	198.0	0.0
13.0	39.2	156.0	0.0
15.6	35.6	98.0	0.0
5.2	35.2	108.0	0.0
14.6	46.8	118.0	0.0
9.0	36.0	90.0	0.0
5.0	33.0	118.0	0.0
4.6	36.4	126.0	0.0
12.0	37.4	136.0	0.0
13.8	33.2	80.0	0.0
16.8	34.4	88.0	0.0
10.2	37.2	96.0	0.0
8.8	36.2	110.0	0.0
5.2	38.0	144.0	0.0
15.8	39.6	134.0	0.0
17.2	43.6	154.0	0.0
15.8	50.0	152.0	0.0
26.0	37.2	184.0	0.0
21.6	30.4	200.0	8.0
22.6	39.8	200.0	32.8
26.6	40.6	100.0	0.4
13.4	40.8	108.0	0.0
8.6	35.6	128.0	0.0
7.2	37.8	128.0	0.0
10.2	32.6	190.0	0.0
17.2	47.2	200.0	6.0
10.4	43.4	94.0	0.0
6.8	41.4	140.0	0.0
20.0	46.2	140.0	0.0
21.6	33.2	156.0	0.0
19.4	43.6	132.0	33.6
17.2	40.2	112.0	0.0
6.2	38.2	102.0	0.0
7.4	44.0	118.0	0.0
10.6	37.4	136.0	0.0
12.0	41.2	126.0	0.0
12.6	49.2	144.0	0.4
23.6	43.8	142.0	0.0
27.0	40.4	152.0	0.4
16.6	50.4	150.0	0.0
11.0	51.8	110.0	0.0
14.2	50.4	104.0	0.0
14.8	53.8	140.0	0.0
17.0	52.6	88.0	0.4
19.8	38.0	88.0	0.0
7.6	37.8	106.0	1.6
10.8	37.6	140.0	0.0
20.2	39.0	136.0	0.0
24.8	38.4	200.0	37.2
27.6	41.0	200.0	57.2
31.2	49.0	190.0	4.4
30.6	45.2	178.0	0.4
28.0	47.2	200.0	0.0
23.8	42.8	160.0	0.0
27.2	36.0	146.0	0.0
23.0	41.6	174.0	1.2
25.6	42.4	162.0	1.2
23.0	48.2	166.0	0.8
25.2	51.4	200.0	0.0
29.4	57.2	156.0	20.8
19.8	30.8	86.0	0.0
10.8	45.6	106.0	0.0
11.8	47.6	114.0	0.4
14.4	32.2	164.0	0.0
20.4	45.8	134.0	0.0
18.6	48.8	156.0	0.4
22.2	53.6	162.0	0.0
21.0	57.0	148.0	4.4
23.6	33.8	180.0	8.0
23.2	41.8	146.0	14.0
17.0	52.4	160.0	0.0
16.2	49.6	122.0	0.0
26.8	39.0	198.0	34.4
23.4	40.8	168.0	0.8
22.8	59.0	162.0	0.4
34.2	60.0	190.0	0.0
28.8	42.4	136.0	0.0
21.8	40.6	136.0	67.6
15.2	48.8	144.0	0.0
24.8	36.2	156.0	4.0
22.6	37.4	154.0	2.8
23.6	34.6	176.0	4.4
20.8	48.2	180.0	11.6
25.2	60.4	160.0	0.0
30.2	48.0	170.0	24.4
33.4	56.4	172.0	0.4
32.4	57.8	156.0	22.8
29.8	63.2	152.0	0.4
31.8	64.0	140.0	0.0
39.8	64.8	150.0	0.0
40.8	42.2	166.0	0.0
35.2	50.6	162.0	50.8
32.0	44.2	158.0	0.0
26.0	53.6	160.0	0.0
29.4	36.2	146.0	3.2
20.4	47.6	124.0	0.0
19.6	51.2	152.0	0.0
23.6	50.8	142.0	0.0
24.0	53.4	140.0	0.0
25.4	57.8	146.0	0.0
29.0	62.6	144.0	0.0
29.0	60.2	128.0	0.0
31.6	61.8	140.0	0.0
32.0	45.0	180.0	0.4
31.0	39.0	186.0	22.8
31.2	44.8	196.0	22.8
33.0	40.8	198.0	57.6
35.4	50.4	176.0	28.0
36.4	52.6	164.0	1.6
36.2	50.4	176.0	2.4
37.4	52.8	156.0	0.8
35.4	51.2	158.0	1.6
33.8	56.4	158.0	56.8
32.6	62.2	152.0	0.0
43.0	62.4	188.0	4.0
40.8	62.4	194.0	5.2
27.0	59.4	106.0	0.0
25.4	60.6	114.0	0.0
28.4	54.2	126.0	0.0
34.0	53.8	146.0	0.0
33.8	60.6	154.0	0.0
37.0	55.0	140.0	0.0
33.0	51.0	162.0	44.0
32.0	49.4	146.0	0.0
24.8	51.0	172.0	0.8
22.8	42.6	96.0	4.8
22.0	53.4	92.0	0.0
28.6	63.4	166.0	0.0
33.6	45.4	144.0	0.0
26.8	62.8	140.0	0.0
38.8	60.4	188.0	9.6
33.2	39.6	192.0	42.0
25.0	41.0	128.0	2.8
26.6	58.8	144.0	0.4
31.4	58.4	140.0	0.0
33.6	68.2	168.0	0.0
33.6	74.8	148.0	0.0
34.2	61.6	142.0	0.0
33.8	41.0	188.0	1.6
32.2	44.6	146.0	8.4
33.8	54.0	156.0	0.0
33.2	53.2	144.0	0.0
32.2	53.8	166.0	0.0
38.2	58.0	174.0	18.0
40.8	58.0	200.0	4.4
41.2	56.4	180.0	14.0
40.2	48.8	180.0	5.6
42.2	58.6	168.0	9.2
44.8	57.4	148.0	2.0
36.4	60.6	142.0	0.0
41.2	60.0	182.0	9.2
37.4	61.2	164.0	0.0
35.2	65.4	152.0	0.0
34.8	55.6	132.0	0.0
36.6	56.4	168.0	0.0
37.6	59.6	134.0	1.6
31.4	64.0	146.0	0.0
33.4	63.2	140.0	0.0
35.2	64.8	130.0	0.0
33.2	67.4	152.0	2.4
41.0	72.2	140.0	0.0
39.0	73.6	162.0	0.0
45.0	71.8	150.0	0.0
38.0	54.8	152.0	0.0
28.0	55.2	134.0	0.0
24.2	73.4	140.0	0.0
34.0	80.8	124.0	0.0
36.8	83.0	158.0	0.0
46.2	76.8	84.0	0.0
47.8	77.4	162.0	0.0
44.2	77.2	126.0	0.0
43.6	82.8	152.0	0.0
43.6	67.8	128.0	0.0
33.2	48.2	120.0	0.0
28.4	54.8	136.0	0.0
29.6	51.0	114.0	0.0
29.8	61.0	168.0	0.0
32.6	76.4	152.0	0.0
43.2	45.4	162.0	0.4
36.4	45.6	182.0	39.6
35.6	47.0	138.0	0.0
29.2	48.2	150.0	0.0
35.6	56.2	160.0	2.0
38.8	63.6	194.0	2.8
39.4	56.4	176.0	8.8
40.4	75.8	170.0	0.4
47.2	73.4	130.0	0.0
36.8	57.2	156.0	0.0
31.2	49.0	118.0	0.4
25.0	55.0	144.0	0.0
25.0	62.0	160.0	0.0
25.6	64.0	150.0	0.0
33.4	68.2	162.0	0.0
33.2	59.0	180.0	0.0
40.8	60.4	178.0	0.8
37.4	73.2	124.0	1.2
32.8	44.2	148.0	0.0
25.8	65.2	152.0	0.0
33.2	65.8	142.0	0.0
30.8	45.2	144.0	0.4
27.8	50.6	96.0	0.4
24.0	52.8	130.0	0.0
24.2	64.2	160.0	0.0
32.8	63.6	170.0	0.0
34.2	59.2	134.0	0.0
36.8	57.4	174.0	0.0
33.4	63.4	166.0	1.6
34.6	69.6	186.0	0.0
34.2	54.6	148.0	0.0
33.2	54.8	170.0	0.4
30.4	60.6	174.0	1.6
36.2	51.6	178.0	33.2
36.2	51.8	150.0	0.4
34.8	42.6	190.0	6.0
35.6	47.4	198.0	51.6
37.4	52.2	196.0	34.4
38.4	64.0	192.0	26.4
33.8	61.6	166.0	0.4
26.2	53.4	116.0	0.4
25.4	52.4	112.0	0.0
28.0	45.2	124.0	0.0
26.4	43.4	148.0	0.0
27.4	48.6	164.0	2.4
28.4	55.8	194.0	0.0
26.8	58.6	174.0	0.0
33.4	41.4	152.0	5.2
23.4	45.8	168.0	16.4
18.6	38.4	200.0	0.0
22.0	38.8	194.0	0.4
21.2	44.8	132.0	0.0
17.2	39.8	134.0	0.4
14.6	38.2	136.0	0.0
11.4	41.0	170.0	0.0
4.8	42.4	166.0	0.0
12.0	36.4	118.0	0.0
15.8	37.2	108.0	0.0
0.0	32.6	198.0	0.0
6.2	33.6	104.0	0.0
3.4	42.4	138.0	0.0
16.8	33.0	98.0	0.4
1.4	39.0	132.0	0.0
-0.2	41.2	162.0	0.0
4.4	39.2	154.0	0.0
5.8	40.8	172.0	0.0
10.2	42.6	200.0	0.0
10.0	45.2	200.0	0.0
11.4	48.2	160.0	0.0
11.8	45.2	200.0	0.0
21.6	45.2	184.0	6.0
13.0	38.6	112.0	0.0
19.0	33.4	116.0	2.4
18.8	40.8	108.0	0.0
6.4	35.2	160.0	0.0
5.8	38.0	158.0	0.0
14.6	37.2	186.0	0.0
21.2	31.6	198.0	8.8
24.8	36.4	192.0	69.6
24.6	37.6	172.0	65.6
24.0	40.6	178.0	6.4
13.6	41.4	184.0	0.0
12.4	35.8	196.0	0.0
10.0	34.8	156.0	0.0
5.8	35.2	126.0	0.0
1.6	28.8	196.0	0.0
6.4	27.0	106.0	0.0
7.6	33.2	110.0	0.8
13.4	33.2	108.0	0.0
13.2	32.2	136.0	0.0
19.6	32.2	168.0	1.6
18.8	27.8	158.0	0.0
21.4	30.6	172.0	17.6
21.6	33.6	160.0	15.6
22.0	35.0	164.0	14.4
6.2	35.2	198.0	0.0
12.0	35.0	112.0	0.0
3.8	37.4	174.0	0.0
3.6	38.2	176.0	0.0
13.2	41.0	142.0	0.0
5.8	31.6	128.0	0.0
4.8	38.8	150.0	0.0
1.6	35.4	180.0	0.0
4.6	37.2	200.0	0.0
-0.8	38.8	200.0	0.4
1.0	38.0	198.0	0.4
13.4	37.4	184.0	0.0
18.4	32.6	148.0	0.0
17.8	32.6	186.0	5.6
18.2	36.6	188.0	0.4
17.8	36.2	172.0	1.2
3.8	39.0	200.0	0.0
13.6	41.2	136.0	0.0
23.0	33.2	86.0	0.0
11.2	33.8	96.0	0.0
21.8	32.8	100.0	0.0
-2.8	34.4	162.0	0.0
3.8	33.2	132.0	0.0
-1.2	32.2	98.0	0.0
8.6	34.6	96.0	0.0
-3.4	35.8	168.0	0.0
9.4	22.6	172.0	0.0
6.0	29.6	146.0	0.0
2.2	31.4	142.0	0.0
15.2	30.2	200.0	1.6
16.2	33.6	196.0	0.4
6.0	38.0	200.0	0.0
1.4	28.4	198.0	0.8
4.6	35.6	154.0	14.8
20.8	25.4	172.0	2.0
20.2	27.2	172.0	56.8
15.4	31.8	144.0	14.8
7.4	28.6	170.0	0.0
7.4	37.0	178.0	0.4
1.2	36.4	194.0	0.0
7.2	34.0	142.0	0.0
2.2	36.6	200.0	0.4
1.0	38.6	200.0	0.0
1.0	38.4	200.0	0.4
0.8	38.0	200.0	0.0
7.4	43.8	200.0	0.0
3.4	45.4	200.0	0.0
14.4	48.4	200.0	0.0
8.4	48.6	178.0	0.0
7.6	43.2	168.0	0.0
18.0	38.2	200.0	2.0
5.4	34.8	200.0	10.0
5.0	32.8	200.0	0.0
0.6	35.6	200.0	0.0
0.4	35.6	200.0	0.0
11.6	35.4	172.0	4.8
3.0	36.6	200.0	0.4
15.6	35.6	200.0	0.0
8.4	37.6	200.0	0.4
12.0	37.8	200.0	0.0
11.8	26.4	200.0	0.0
16.4	35.0	200.0	25.6
5.8	31.0	200.0	1.2
19.8	38.0	144.0	40.8
16.8	35.4	138.0	2.0
15.6	35.2	170.0	0.4
18.2	35.2	174.0	0.0
15.6	39.0	200.0	0.4
5.6	43.4	200.0	0.0
6.6	43.6	194.0	0.4
16.0	38.2	200.0	0.4
10.8	41.4	200.0	0.0
10.0	45.0	156.0	0.4
17.8	37.0	166.0	0.0
14.8	42.0	184.0	0.0
21.6	43.0	176.0	0.0
19.0	34.8	124.0	0.0
9.2	40.4	190.0	0.0
8.4	46.0	200.0	0.0
18.6	48.4	200.0	0.0
12.6	52.2	190.0	1.2
18.8	41.4	112.0	3.6
17.2	36.0	146.0	0.0
21.6	32.4	200.0	14.4
11.4	34.0	98.0	4.0
11.0	38.2	102.0	0.4
12.2	38.2	96.0	0.0
2.4	46.8	162.0	0.0
7.2	51.4	96.0	0.0
20.0	44.8	152.0	0.0
9.2	57.4	168.0	0.0
15.6	55.6	102.0	0.0
12.2	59.8	200.0	0.4
26.8	52.0	142.0	0.0
17.6	53.2	76.0	0.0
11.2	49.2	86.0	0.0
11.2	48.2	100.0	0.0
9.4	62.0	144.0	0.0
25.6	36.2	176.0	0.4
22.4	32.2	200.0	44.4
19.2	38.2	136.0	45.2
12.8	41.8	152.0	0.4
15.0	32.4	180.0	0.4
28.4	41.2	200.0	21.6
20.2	39.2	100.0	0.4
10.2	37.2	130.0	0.0
19.0	32.6	200.0	9.2
15.4	38.2	150.0	21.6
13.8	36.6	146.0	0.4
14.6	37.8	166.0	0.0
20.0	38.4	168.0	0.0
24.6	43.8	200.0	3.2
29.4	42.6	200.0	10.8
19.6	45.2	200.0	7.6
13.4	46.6	200.0	0.0
17.8	44.0	104.0	0.0
9.8	42.8	136.0	0.0
25.2	42.4	154.0	0.0
25.8	35.6	190.0	0.0
28.8	51.8	200.0	0.0
26.4	53.0	98.0	0.0
11.0	41.2	128.0	0.0
22.8	44.0	116.0	0.0
13.6	49.8	162.0	0.0
13.6	56.6	172.0	0.0
20.4	61.4	134.0	0.0
21.0	59.6	166.0	0.0
25.8	59.8	156.0	0.0
25.8	67.0	146.0	0.0
35.4	38.6	200.0	1.6
23.0	33.8	184.0	24.0
21.8	36.6	168.0	2.8
25.0	48.8	166.0	0.0
27.4	56.2	184.0	0.0
30.8	55.0	200.0	3.6
19.6	45.2	110.0	0.4
20.8	50.4	170.0	0.0
26.8	36.6	200.0	8.8
25.8	46.2	128.0	11.2
25.6	56.8	136.0	0.4
25.8	67.6	158.0	0.0
34.8	69.2	200.0	0.0
34.2	65.8	200.0	18.0
39.8	57.2	156.0	0.0
28.8	51.6	146.0	0.0
31.4	58.2	158.0	0.0
29.2	53.8	158.0	0.0
29.8	74.4	200.0	0.0
28.4	59.4	126.0	0.0
25.6	48.8	138.0	0.0
29.4	40.6	200.0	22.0
32.0	54.8	164.0	10.4
35.8	69.4	182.0	0.0
36.8	69.6	146.0	0.0
22.8	49.4	152.0	1.6
34.2	39.8	200.0	8.4
27.2	32.6	200.0	62.0
27.4	35.0	168.0	28.0
26.8	39.2	200.0	15.6
29.4	59.0	200.0	86.4
31.4	58.6	98.0	6.4
26.4	62.8	132.0	0.0
30.8	62.4	164.0	0.0
39.6	60.8	180.0	0.0
26.8	42.8	118.0	4.0
23.2	40.6	112.0	0.4
18.6	49.2	114.0	0.0
20.6	44.4	140.0	0.0
17.4	39.8	118.0	12.8
22.6	36.2	150.0	0.4
18.2	43.2	130.0	0.0
29.2	41.8	198.0	31.6
27.0	48.2	148.0	22.4
30.4	49.8	170.0	0.0
29.0	56.2	146.0	0.0
31.8	39.4	200.0	30.4
31.4	45.8	140.0	6.8
23.4	44.2	130.0	6.0
28.6	46.8	128.0	0.0
21.4	41.0	138.0	0.0
29.4	46.8	132.0	0.0
24.4	48.8	168.0	0.0
32.4	48.0	192.0	3.6
33.6	48.8	152.0	65.6
34.0	49.6	162.0	0.0
32.8	44.2	196.0	1.2
34.6	53.2	192.0	11.6
34.6	57.2	178.0	0.4
32.0	58.8	178.0	0.4
34.2	56.0	156.0	0.0
37.2	47.6	140.0	1.6
32.6	51.4	110.0	0.0
28.2	50.4	130.0	0.0
26.4	49.0	140.0	0.0
24.0	49.8	156.0	0.0
23.4	60.6	150.0	0.4
27.2	59.8	142.0	0.0
31.0	66.0	152.0	0.0
35.8	70.0	146.0	0.0
36.0	54.8	128.0	0.0
35.6	43.8	152.0	3.6
22.8	56.4	148.0	0.0
34.0	62.8	178.0	0.0
38.2	61.2	116.0	12.8
29.2	59.0	88.0	0.4
33.4	53.4	80.0	0.0
17.8	48.2	92.0	0.0
19.0	58.4	118.0	0.0
34.0	43.2	158.0	1.6
33.8	49.2	172.0	26.0
33.6	51.2	178.0	21.2
31.4	55.4	160.0	4.4
34.6	61.6	140.0	0.4
35.6	56.4	174.0	0.0
36.8	55.6	132.0	0.0
38.6	50.8	176.0	0.0
34.6	51.6	156.0	8.4
31.4	51.0	150.0	2.8
30.6	48.0	158.0	2.0
37.8	48.4	200.0	13.6
39.0	54.6	184.0	122.8
36.0	54.6	150.0	0.0
34.4	57.0	160.0	0.0
41.8	65.6	166.0	3.2
42.8	59.0	108.0	0.0
31.6	38.0	194.0	8.0
31.8	36.6	200.0	17.6
31.2	40.6	200.0	40.8
33.8	55.6	192.0	28.8
30.8	61.8	200.0	0.0
34.6	55.2	166.0	0.0
34.8	42.2	180.0	0.0
35.4	46.2	166.0	1.2
34.2	49.4	168.0	2.0
33.2	52.6	200.0	96.4
33.6	50.8	182.0	14.0
26.4	54.0	182.0	13.2
32.8	52.4	152.0	0.4
32.4	52.6	168.0	10.4
30.0	54.2	178.0	0.4
28.4	57.2	166.0	0.0
29.6	58.8	172.0	0.0
32.8	57.8	152.0	14.4
35.0	59.2	158.0	0.0
35.0	57.6	184.0	97.2
35.0	53.2	172.0	29.2
29.4	53.2	158.0	0.0
28.0	60.2	180.0	0.0
31.4	61.8	172.0	0.0
28.8	58.4	200.0	0.0
38.4	53.4	170.0	0.0
40.8	64.2	164.0	0.0
43.4	60.6	168.0	0.0
39.4	41.8	194.0	12.4
36.6	54.6	200.0	76.8
33.6	37.8	190.0	20.0
31.6	40.8	192.0	36.4
33.6	56.4	172.0	3.6
34.0	54.2	134.0	15.6
33.8	48.6	156.0	0.0
27.4	42.8	138.0	0.4
28.0	42.0	178.0	135.6
23.4	54.4	176.0	10.8
25.8	54.2	176.0	0.0
29.4	53.6	148.0	0.0
31.8	50.8	176.0	0.0
27.8	55.0	184.0	0.0
29.2	55.0	192.0	0.0
36.8	57.2	178.0	0.0
38.6	59.2	184.0	0.0
37.2	42.0	196.0	78.4
29.2	46.6	140.0	4.0
29.8	46.8	164.0	0.8
31.2	49.8	172.0	3.6
35.2	54.0	178.0	0.0
33.2	37.8	164.0	0.0
28.4	49.2	174.0	7.2
16.2	47.8	114.0	0.0
21.0	44.4	164.0	0.0
26.4	50.0	178.0	0.0
30.4	53.8	184.0	0.0
33.8	47.4	196.0	0.0
27.6	54.8	200.0	2.4
25.8	52.2	200.0	0.4
23.8	55.6	200.0	0.0
23.4	56.0	146.0	0.0
28.8	53.2	160.0	12.0
25.0	57.4	200.0	0.4
29.2	55.4	170.0	0.0
30.8	54.8	150.0	0.0
28.8	51.8	150.0	0.0
26.8	57.0	168.0	0.0
33.6	46.8	148.0	0.0
16.8	47.4	98.0	0.0
14.8	37.0	104.0	1.2
16.4	41.4	114.0	0.4
23.2	45.6	136.0	0.0
14.4	50.6	168.0	0.4
20.0	51.6	152.0	0.0
25.2	52.6	148.0	0.0
23.4	50.0	152.0	0.0
28.2	41.8	162.0	0.0
32.0	38.8	198.0	63.6
33.8	50.4	186.0	164.8
28.2	53.2	200.0	1.2
30.6	51.4	196.0	0.0
25.4	39.6	200.0	2.4
29.8	36.6	198.0	3.2
26.2	46.2	200.0	8.4
11.6	38.6	120.0	0.8
20.0	42.2	126.0	0.0
18.2	44.8	166.0	0.0
20.8	45.8	194.0	0.0
18.6	36.6	130.0	0.0
16.8	40.8	164.0	0.0
15.2	44.4	184.0	0.0
14.2	47.8	186.0	0.0
20.2	44.0	178.0	2.0
16.2	40.8	114.0	0.0
15.0	42.2	140.0	0.0
7.8	40.6	160.0	0.0
11.4	37.2	192.0	0.0
9.0	47.0	174.0	0.0
9.6	50.0	162.0	0.0
14.6	54.2	170.0	0.0
18.6	54.0	198.0	0.0
17.0	39.2	142.0	0.0
16.2	34.8	102.0	0.0
5.6	34.6	134.0	0.0
8.0	38.2	138.0	0.0
11.8	40.2	160.0	0.0
8.2	39.8	200.0	0.4
8.4	43.0	200.0	0.0
4.8	42.8	200.0	0.4
12.0	38.4	156.0	0.0
12.2	39.8	200.0	0.0
4.2	40.8	198.0	0.4
2.0	41.6	200.0	0.0
3.0	25.2	200.0	0.0
16.8	35.2	200.0	22.8
6.2	34.0	100.0	0.0
7.4	36.2	164.0	0.0
12.2	36.8	156.0	0.0
16.8	36.8	158.0	0.0
13.2	38.6	182.0	0.0
15.4	40.2	146.0	0.0
18.0	36.6	200.0	0.0
23.4	33.6	200.0	1.2
25.4	30.6	200.0	32.0
18.6	39.0	200.0	0.4
11.2	28.4	164.0	0.0
18.6	27.4	160.0	26.4
12.2	33.8	144.0	0.4
2.6	33.8	182.0	0.4
3.6	34.4	186.0	0.0
9.6	31.6	174.0	0.4
20.0	26.4	194.0	23.2
20.6	36.8	182.0	61.6
18.6	34.6	170.0	9.2
17.0	36.4	200.0	1.6
13.4	40.8	200.0	0.0
11.6	23.8	198.0	0.4
9.8	34.4	158.0	13.6
5.6	35.6	166.0	0.0
4.4	36.8	170.0	0.0
2.8	31.6	198.0	0.0
0.6	34.8	198.0	0.0
8.6	32.4	100.0	0.0
4.4	32.2	160.0	0.0
0.8	34.8	168.0	0.0
-0.6	37.6	184.0	0.0
8.8	26.6	180.0	0.0
12.8	32.2	178.0	1.6
11.2	34.8	188.0	0.0
15.2	39.6	200.0	0.0
4.6	37.4	200.0	0.0
5.6	31.2	192.0	0.0
-0.4	30.6	170.0	0.0
2.0	31.0	156.0	0.0
9.2	31.6	122.0	0.0
11.0	30.6	126.0	0.0
16.2	32.2	150.0	2.4
8.6	33.6	150.0	0.0
11.8	36.4	194.0	0.0
4.2	35.4	200.0	0.0
6.6	27.6	200.0	0.0
13.4	39.2	166.0	16.0
12.6	27.2	190.0	0.4
14.6	43.8	200.0	4.0
9.0	37.8	174.0	0.0
4.8	34.6	140.0	0.0
5.6	40.0	156.0	0.0
2.8	39.8	200.0	0.0
4.0	37.0	200.0	0.0
7.6	31.4	140.0	0.0
3.8	33.6	150.0	0.0
11.4	33.0	144.0	0.0
12.8	35.2	152.0	0.0
17.0	31.2	180.0	7.2
17.8	30.6	176.0	4.0
9.0	35.6	200.0	0.4
10.6	36.8	200.0	0.0
4.6	34.2	200.0	1.2
5.2	33.6	146.0	0.0
5.2	33.6	148.0	0.0
8.8	31.4	122.0	0.0
4.8	30.4	130.0	0.0
6.4	31.6	144.0	0.0
5.8	33.8	134.0	0.0
3.6	36.0	174.0	0.0
-1.8	39.8	178.0	0.0
-1.2	43.8	184.0	0.0
12.6	35.8	84.0	0.0
-1.4	36.0	150.0	0.0
-2.2	42.0	148.0	0.0
9.4	37.8	152.0	0.0
10.8	35.4	92.0	0.0
14.4	35.2	102.0	0.0
19.0	32.0	110.0	0.0
11.4	37.0	128.0	0.0
1.0	39.0	168.0	0.0
1.8	47.6	166.0	0.0
9.8	39.4	112.0	0.0
2.2	42.0	124.0	0.0
12.4	35.6	96.0	0.0
11.4	39.8	114.0	0.0
1.6	37.2	134.0	0.0
8.2	42.2	144.0	0.0
8.0	49.8	150.0	0.0
15.6	57.6	102.0	0.0
19.2	37.8	100.0	6.0
8.2	39.4	100.0	0.0
5.6	39.2	104.0	0.4
4.0	43.0	176.0	0.0
10.4	42.8	120.0	0.0
13.0	37.0	90.0	0.0
-0.4	35.2	98.0	0.0
8.2	42.0	124.0	0.0
1.8	47.4	112.0	0.0
4.4	50.6	122.0	0.0
3.6	56.6	116.0	0.0
26.2	52.8	50.0	0.0
15.2	42.6	56.0	0.0
11.4	40.6	90.0	0.0
13.0	44.8	90.0	0.0
4.6	51.8	130.0	0.0
12.2	44.4	136.0	0.0
11.6	49.8	152.0	0.0
10.0	45.4	172.0	0.0
4.4	39.8	118.0	5.2
6.8	40.6	116.0	0.0
9.0	45.2	122.0	0.0
16.6	44.2	136.0	0.0
14.0	44.6	200.0	1.2
11.0	45.8	150.0	4.0
14.6	49.2	136.0	0.0
17.0	52.2	194.0	0.0
12.0	48.4	106.0	0.0
9.8	58.4	152.0	0.0
14.6	46.6	70.0	0.0
9.6	43.0	100.0	0.0
20.8	48.2	134.0	0.4
15.8	56.0	164.0	0.0
24.4	66.8	104.0	0.0
31.6	44.6	110.0	18.8
13.0	41.8	70.0	0.0
9.0	43.8	114.0	0.0
16.0	45.6	112.0	0.0
10.0	61.2	122.0	0.0
15.6	64.2	96.0	0.0
21.2	70.0	70.0	0.0
29.4	34.8	188.0	0.0
20.2	44.8	114.0	11.2
22.2	38.8	114.0	0.0
20.6	42.6	156.0	4.8
9.8	53.4	158.0	0.0
23.4	40.0	194.0	12.4
12.2	33.8	184.0	19.6
8.4	43.2	146.0	36.8
16.0	43.8	150.0	0.4
12.4	58.2	156.0	0.0
18.6	65.2	148.0	0.0
24.8	49.2	68.0	0.0
28.6	48.2	130.0	0.0
24.0	60.8	190.0	0.0
20.2	69.0	98.0	0.0
19.0	59.2	162.0	0.0
17.4	40.4	148.0	0.0
17.6	41.4	114.0	0.4
10.4	54.8	134.0	0.0
15.8	68.4	154.0	0.0
27.0	48.8	156.0	0.0
17.0	45.4	82.0	0.0
21.8	42.2	124.0	0.0
16.0	49.4	128.0	0.0
18.8	54.8	122.0	0.0
22.6	66.2	128.0	0.0
24.8	68.8	122.0	0.0
23.4	44.8	92.0	0.0
23.2	37.6	166.0	0.0
22.8	53.0	134.0	0.0
22.8	67.0	152.0	0.4
34.6	68.0	148.0	1.2
37.0	53.0	160.0	0.4
33.4	60.6	152.0	2.8
31.2	60.6	182.0	24.8
27.0	41.6	138.0	0.0
16.8	45.8	110.0	0.0
14.6	57.2	132.0	0.0
23.4	49.2	100.0	0.0
27.4	39.2	190.0	5.2
27.6	56.6	168.0	0.8
32.6	35.0	176.0	2.0
27.2	45.0	150.0	26.0
26.6	55.0	128.0	0.0
17.2	44.0	90.0	0.0
26.8	48.0	116.0	2.8
16.8	57.8	128.0	0.0
32.0	38.4	126.0	0.0
26.8	48.4	132.0	0.0
29.8	58.0	138.0	0.0
31.6	74.4	130.0	0.0
34.0	63.2	156.0	0.0
38.4	50.4	164.0	4.8
33.8	44.6	182.0	20.0
36.4	61.0	176.0	5.6
36.2	76.8	146.0	0.4
35.2	74.8	146.0	0.0
33.2	55.0	142.0	0.0
31.8	57.8	128.0	0.0
28.0	68.6	140.0	0.0
29.4	76.0	138.0	0.0
35.4	67.6	150.0	0.0
41.0	65.4	136.0	0.0
32.6	83.0	116.0	0.0
40.2	51.4	124.0	0.0
36.8	53.4	128.0	0.0
35.8	75.0	124.0	0.0
37.6	76.2	116.0	0.0
40.4	48.4	150.0	0.0
31.4	50.0	132.0	10.4
25.8	55.6	118.0	0.0
28.4	70.2	138.0	0.0
34.0	69.2	142.0	0.0
38.6	91.6	130.0	0.0
40.4	50.4	126.0	1.6
37.0	49.2	146.0	1.6
38.4	58.4	182.0	2.8
33.2	68.4	152.0	0.0
39.4	52.6	154.0	2.8
39.8	62.8	128.0	0.0
37.4	68.8	156.0	0.0
42.0	66.0	150.0	0.0
38.4	46.8	200.0	70.8
40.0	44.8	200.0	13.6
36.6	56.2	178.0	232.0
38.0	53.8	158.0	0.0
38.4	66.0	168.0	0.8
30.6	36.8	192.0	61.2
29.0	41.0	170.0	36.0
32.8	48.2	158.0	9.6
35.2	51.6	178.0	6.0
33.2	54.0	166.0	0.4
31.2	55.4	178.0	0.0
29.8	58.4	184.0	0.0
31.6	55.6	182.0	0.0
32.8	58.0	180.0	0.0
31.8	59.2	176.0	0.0
34.4	56.8	190.0	0.0
34.0	55.2	176.0	0.0
27.8	60.0	178.0	0.0
33.6	53.2	170.0	0.0
38.4	49.8	156.0	0.4
36.2	61.8	182.0	0.0
32.4	48.2	124.0	0.0
22.0	48.2	120.0	0.0
19.0	50.6	140.0	0.0
23.2	53.2	168.0	0.0
25.4	59.0	186.0	0.0
33.0	64.8	128.0	0.0
37.4	62.2	122.0	0.0
35.0	66.4	162.0	0.0
24.6	60.2	128.0	0.0
31.2	56.0	188.0	0.0
36.6	64.6	184.0	0.0
34.0	63.6	178.0	0.0
26.4	45.2	130.0	8.0
21.8	51.8	150.0	0.0
29.4	50.2	154.0	0.0
29.2	54.0	144.0	0.0
22.2	53.6	166.0	0.0
26.4	38.4	200.0	1.6
28.6	39.2	196.0	17.2
29.0	42.4	184.0	10.8
26.6	43.0	200.0	2.8
22.4	48.4	166.0	6.4
21.8	49.6	170.0	22.8
25.4	47.0	172.0	0.4
20.4	49.6	176.0	6.0
20.6	53.6	164.0	0.8
26.2	52.0	158.0	0.0
20.4	51.6	182.0	0.0
21.6	58.6	162.0	0.0
23.2	54.8	180.0	0.0
30.8	41.2	196.0	42.0
24.0	46.4	162.0	0.4
25.8	49.0	162.0	0.4
22.0	40.4	112.0	0.0
25.0	36.6	178.0	9.2
17.8	42.8	144.0	36.4
22.6	47.4	182.0	1.6
15.2	47.6	138.0	0.0
13.4	45.4	136.0	0.0
13.2	46.2	130.0	0.0
12.8	51.6	146.0	0.0
16.4	50.2	140.0	0.0
14.8	57.8	172.0	0.4
18.2	56.0	134.0	0.0
30.8	45.8	178.0	0.0
32.2	52.8	164.0	0.0
18.2	38.4	114.0	0.0
12.6	43.2	154.0	0.0
16.2	51.0	152.0	0.0
18.2	38.0	118.0	0.0
13.0	39.6	126.0	0.0
19.8	39.8	150.0	0.0
16.4	44.2	200.0	0.0
14.0	46.8	200.0	0.4
11.6	47.2	200.0	0.0
15.0	46.8	170.0	0.0
19.2	44.0	200.0	0.4
17.0	38.2	200.0	0.0
24.4	38.4	122.0	3.6
4.6	39.2	156.0	0.0
16.6	41.2	128.0	0.0
17.6	36.8	106.0	0.0
11.8	37.0	104.0	0.0
5.2	37.2	134.0	0.0
6.8	38.0	174.0	0.0
6.2	43.2	164.0	0.0
8.6	31.2	162.0	0.0
19.2	29.2	194.0	36.4
22.0	34.6	156.0	49.6
18.4	39.8	152.0	1.6
5.6	41.6	182.0	0.0
11.0	39.0	170.0	0.4
20.2	38.2	198.0	10.0
19.0	36.2	200.0	1.6
14.4	42.2	200.0	0.4
11.6	45.0	200.0	0.4
16.2	39.2	200.0	0.0
25.4	30.0	200.0	22.4
17.8	36.2	114.0	10.8
9.0	41.2	150.0	0.0
11.2	35.2	200.0	0.0
16.2	32.8	200.0	0.0
21.6	42.0	192.0	0.4
17.6	34.2	158.0	0.0
11.8	37.2	200.0	0.0
8.6	30.0	200.0	0.0
6.0	37.0	200.0	6.0
11.4	28.6	200.0	0.0
13.2	38.2	200.0	14.4
10.2	38.4	196.0	0.0
22.0	36.4	116.0	0.4
10.0	35.4	150.0	0.0
5.8	33.2	144.0	0.0
3.0	33.8	200.0	0.4
15.8	32.2	134.0	0.4
13.8	32.6	146.0	0.0
9.8	34.0	198.0	0.0
9.4	30.6	180.0	0.0
18.2	28.0	200.0	18.8
18.2	26.6	182.0	28.8
17.8	28.0	200.0	35.6
20.8	35.6	200.0	76.4
23.0	36.0	200.0	8.8
20.8	32.0	200.0	0.4
22.4	26.6	200.0	60.4
20.0	34.0	182.0	19.6
13.2	40.2	192.0	0.4
7.2	37.8	200.0	0.0
7.4	35.8	184.0	0.4
1.0	42.0	200.0	0.4
11.6	36.8	100.0	0.0
4.0	32.6	146.0	0.0
1.2	34.2	162.0	0.0
1.0	34.2	200.0	0.0
8.0	30.2	156.0	0.0
14.6	32.6	184.0	0.0
6.2	33.8	200.0	0.0
5.0	36.0	200.0	0.4
8.6	32.4	200.0	0.4
10.8	36.0	200.0	0.0
20.6	29.6	200.0	1.6
18.4	40.6	200.0	0.4
18.2	44.2	200.0	0.4
15.0	42.8	200.0	0.0
21.6	34.8	188.0	0.0
12.2	38.0	180.0	0.4
8.0	30.6	102.0	0.0
0.6	32.2	164.0	0.0
-0.8	32.8	158.0	0.0
15.2	33.8	114.0	0.0
5.0	35.6	186.0	0.0
0.6	39.4	200.0	0.0
3.8	36.0	132.0	0.0
5.2	35.8	200.0	0.0
6.4	43.0	200.0	0.0
10.6	41.4	200.0	0.4
19.0	34.0	158.0	0.4
7.6	38.4	186.0	0.4
5.4	39.2	200.0	0.0
7.0	37.0	148.0	0.0
12.8	35.2	124.0	0.0
8.8	39.2	136.0	0.0
15.2	36.4	134.0	0.0
14.0	28.6	148.0	13.6
7.4	36.6	142.0	0.0
7.0	44.6	124.0	0.0
6.6	42.4	138.0	0.0
7.6	49.6	160.0	0.0
6.0	42.0	68.0	0.0
5.2	46.0	174.0	0.0
16.4	37.0	88.0	0.0
0.2	40.2	180.0	0.0
12.4	47.4	112.0	0.0
11.8	43.8	108.0	0.0
18.2	38.8	84.0	0.0
10.6	29.6	94.0	0.0
-0.2	35.0	168.0	0.0
12.2	35.8	108.0	0.0
13.0	42.8	110.0	0.0
6.6	47.8	150.0	0.0
9.0	41.6	126.0	0.0
13.6	44.4	122.0	0.0
10.2	46.8	164.0	0.0
11.2	42.8	192.0	0.0
17.8	54.8	130.0	0.0
17.8	48.0	134.0	0.0
10.0	46.8	144.0	0.0
13.8	46.8	150.0	0.0
13.2	48.6	192.0	0.4
12.4	56.0	158.0	0.0
19.8	55.2	124.0	0.0
20.6	62.2	200.0	0.0
29.4	39.4	160.0	0.0
22.4	51.8	156.0	0.0
28.8	63.4	56.0	0.0
13.6	48.4	98.0	0.0
8.2	47.2	96.0	0.0
14.0	37.0	122.0	0.0
23.4	45.6	176.0	8.8
17.4	41.8	136.0	0.4
22.4	35.2	180.0	0.0
27.4	45.6	158.0	48.0
25.2	48.2	110.0	0.0
20.8	46.2	70.0	0.0
12.6	41.0	88.0	0.0
14.2	44.8	106.0	0.0
10.0	51.2	128.0	0.0
17.8	56.6	130.0	0.0
23.2	62.2	154.0	0.0
18.2	64.6	90.0	0.0
19.2	60.6	102.0	0.0
8.8	48.8	80.0	0.0
10.2	57.0	104.0	0.0
22.2	50.2	70.0	0.0
11.0	62.4	118.0	0.0
22.2	66.0	94.0	0.0
10.0	51.4	82.0	0.0
23.6	38.6	90.0	0.0
11.0	42.6	100.0	0.4
9.4	59.0	112.0	0.0
16.0	65.8	100.0	0.0
26.8	45.0	118.0	0.0
18.0	43.8	132.0	0.0
11.0	63.8	146.0	0.0
20.8	72.4	68.0	0.0
27.8	52.2	138.0	0.0
15.4	63.2	122.0	0.0
25.4	68.6	134.0	0.0
23.2	40.6	90.0	0.0
9.0	50.8	98.0	0.0
10.6	62.4	102.0	0.0
22.6	67.2	50.0	0.0
14.4	45.6	62.0	0.0
12.8	51.6	142.0	0.0
19.2	62.2	130.0	0.0
22.8	72.2	126.0	0.0
36.2	50.8	130.0	0.0
37.2	63.6	122.0	11.6
22.2	46.8	74.0	0.0
11.6	47.8	72.0	0.0
17.6	49.8	72.0	0.0
19.0	50.8	136.0	0.0
28.6	51.8	154.0	0.0
23.8	56.6	148.0	0.0
21.4	46.8	102.0	0.0
25.8	53.0	116.0	0.0
31.2	53.8	142.0	0.0
22.8	67.6	138.0	0.0
26.2	70.8	72.0	0.0
17.8	41.8	60.0	0.0
20.0	43.8	106.0	0.0
13.0	54.6	126.0	0.0
20.4	68.8	124.0	0.0
26.6	76.2	92.0	0.0
36.2	68.0	84.0	0.4
29.8	35.4	134.0	0.0
25.6	34.6	192.0	94.0
27.4	45.6	172.0	62.0
22.4	57.6	130.0	14.8
24.0	58.2	72.0	0.0
25.6	50.2	128.0	0.0
27.4	44.6	154.0	6.0
27.6	35.2	150.0	8.4
27.8	41.0	134.0	12.8
30.0	51.0	136.0	36.0
26.6	58.8	150.0	0.0
31.0	57.2	154.0	0.0
37.0	51.8	180.0	5.2
34.0	49.8	180.0	84.8
25.2	51.0	128.0	0.4
29.4	47.4	120.0	0.0
22.8	45.6	122.0	0.0
19.2	54.4	110.0	0.0
24.2	69.2	146.0	0.0
37.2	41.2	150.0	0.0
27.8	44.6	122.0	1.6
22.6	47.6	120.0	0.0
30.6	54.6	136.0	0.0
22.0	61.4	144.0	0.0
26.2	71.0	144.0	0.0
36.4	50.4	142.0	7.2
20.6	49.8	82.0	0.0
17.8	53.2	102.0	0.0
24.0	61.0	132.0	0.0
32.4	63.4	114.0	0.0
44.0	66.8	84.0	0.0
27.4	62.6	100.0	0.0
27.8	57.4	130.0	0.0
29.4	63.8	132.0	0.0
36.0	51.8	118.0	0.0
32.6	54.0	142.0	0.0
34.8	54.2	156.0	0.0
29.0	61.4	128.0	0.0
33.0	59.0	142.0	0.0
28.2	66.2	132.0	0.0
33.8	81.2	134.0	0.0
44.0	61.4	120.0	0.0
35.4	82.0	134.0	0.0
42.6	74.0	130.0	0.0
36.2	42.8	134.0	0.0
33.8	43.8	164.0	0.0
36.6	56.8	152.0	35.6
29.8	54.2	144.0	14.4
31.8	60.8	154.0	0.4
33.2	51.0	110.0	0.0
34.2	57.6	114.0	0.0
27.4	61.8	126.0	0.0
36.2	62.4	138.0	0.0
39.2	71.2	124.0	0.0
39.2	63.8	158.0	3.2
36.2	65.8	132.0	0.0
32.6	62.8	130.0	0.0
30.2	64.6	68.0	0.0
33.6	46.2	118.0	0.0
29.8	42.6	182.0	0.4
32.0	47.8	136.0	0.0
33.0	58.2	130.0	0.0
32.2	71.0	134.0	0.0
35.8	62.4	142.0	0.0
32.2	58.2	138.0	0.0
29.4	67.8	124.0	0.0
33.8	75.8	146.0	0.0
33.4	72.4	144.0	0.0
34.0	72.2	142.0	0.0
30.2	79.6	138.0	0.0
34.4	61.4	140.0	0.0
38.8	56.0	140.0	0.0
36.4	49.6	198.0	10.4
37.4	43.2	158.0	1.6
34.8	47.8	142.0	0.0
36.0	58.2	166.0	0.0
30.6	50.2	156.0	9.2
30.4	42.4	152.0	0.4
23.4	58.4	124.0	2.0
27.8	63.8	134.0	0.0
30.2	75.8	136.0	0.0
33.4	68.0	122.0	0.0
28.2	74.6	124.0	0.0
37.4	64.4	134.0	0.0
36.2	64.6	142.0	0.0
37.6	67.6	126.0	0.0
36.8	51.8	130.0	0.0
32.0	45.8	112.0	0.0
33.2	50.4	128.0	0.0
21.8	64.0	134.0	0.0
27.6	70.8	140.0	0.0
30.0	71.0	166.0	0.0
34.6	59.2	136.0	0.0
37.2	54.2	150.0	0.0
40.8	55.6	190.0	11.2
39.2	63.2	156.0	3.2
38.8	52.2	186.0	1.6
39.8	50.0	194.0	8.4
41.2	49.0	182.0	10.0
35.4	46.8	162.0	33.2
32.2	54.0	176.0	1.6
38.4	46.2	186.0	0.0
34.0	59.6	114.0	58.8
29.8	56.4	84.0	0.0
35.4	53.2	150.0	0.0
34.8	52.8	144.0	0.0
34.0	59.2	154.0	0.0
30.8	61.6	164.0	0.0
32.2	65.8	168.0	0.0
36.8	43.8	180.0	12.8
33.6	39.4	186.0	3.6
34.0	40.8	196.0	11.2
33.8	45.8	170.0	66.0
32.4	49.4	160.0	0.0
35.6	51.0	180.0	4.0
29.6	58.2	194.0	0.0
36.2	53.2	152.0	0.4
31.4	57.6	186.0	0.0
34.2	55.8	190.0	21.6
33.6	56.2	200.0	0.0
32.2	58.0	174.0	0.0
29.0	58.6	184.0	0.0
35.4	52.6	156.0	0.4
32.4	56.6	194.0	0.0
29.8	59.2	184.0	0.0
31.8	54.0	130.0	16.8
19.6	55.2	126.0	0.0
21.4	60.6	158.0	0.0
25.8	58.4	132.0	0.0
35.4	56.6	180.0	7.2
36.2	55.8	186.0	0.0
29.6	62.2	192.0	0.0
35.4	57.8	172.0	4.8
37.2	41.6	152.0	0.4
29.8	54.8	172.0	15.2
37.6	46.8	194.0	0.0
38.0	40.6	174.0	23.6
32.8	46.8	186.0	6.8
35.8	53.8	168.0	3.2
35.4	53.4	178.0	0.4
30.8	52.8	194.0	80.0
29.4	53.2	196.0	0.4
30.0	56.0	192.0	0.0
32.2	58.2	198.0	0.4
36.4	44.2	184.0	19.2
33.0	52.0	192.0	24.0
32.0	46.6	142.0	5.2
30.2	42.6	132.0	10.0
31.4	48.2	166.0	0.0
25.0	48.8	164.0	0.0
31.0	42.4	172.0	0.0
35.6	52.0	176.0	24.0
33.0	45.0	136.0	23.6
29.8	44.0	134.0	0.0
21.8	42.6	118.0	0.0
24.2	44.0	118.0	0.0
28.4	45.2	130.0	0.0
19.8	47.6	148.0	0.0
19.8	50.8	144.0	0.0
19.2	46.6	140.0	0.0
16.8	46.0	148.0	0.0
14.6	45.6	118.0	0.0
13.6	47.0	188.0	0.0
16.2	50.2	148.0	0.0
19.2	58.2	148.0	0.0
33.0	42.4	166.0	3.6
22.6	49.0	200.0	4.0
23.2	38.6	146.0	0.0
28.8	42.4	160.0	0.0
22.4	50.2	200.0	0.0
27.0	44.6	160.0	3.2
16.0	41.2	134.0	0.0
18.0	41.2	158.0	0.0
17.2	32.2	194.0	8.0
14.8	39.6	112.0	0.0
13.4	42.6	150.0	0.0
16.2	39.8	120.0	0.0
17.8	41.4	120.0	0.0
15.6	41.6	146.0	0.0
11.2	41.0	200.0	0.0
22.6	46.2	164.0	0.8
18.4	44.4	148.0	0.0
21.0	44.4	146.0	0.0
13.8	45.0	200.0	0.0
13.0	48.6	172.0	0.0
12.8	44.4	180.0	0.0
14.2	49.6	192.0	0.0
15.8	46.0	192.0	0.0
15.8	48.0	164.0	0.0
12.4	49.6	180.0	0.0
13.0	50.4	194.0	0.0
18.2	46.2	148.0	0.0
18.6	51.4	182.0	0.0
17.8	50.8	176.0	0.0
20.8	47.4	200.0	0.0
27.2	45.8	106.0	0.0
11.0	42.2	152.0	0.0
25.8	41.2	146.0	0.0
17.8	42.8	200.0	0.0
22.2	34.4	200.0	2.4
19.8	41.4	200.0	30.4
9.6	37.4	188.0	0.4
9.6	43.0	172.0	0.4
21.8	33.2	198.0	2.8
26.6	33.8	154.0	14.0
17.6	39.4	136.0	0.0
9.6	38.2	154.0	0.0
20.4	32.4	196.0	2.4
0.0	0.0	0.0	0.0
0.0	40.4	200.0	11.2
11.4	35.4	166.0	0.0
6.8	39.4	182.0	0.0
15.0	36.8	136.0	0.0
13.0	40.4	150.0	0.0
10.2	39.0	188.0	0.0
12.6	37.6	200.0	0.0
7.2	39.0	200.0	0.0
15.4	36.8	174.0	0.0
7.6	31.6	200.0	0.0
14.8	31.4	96.0	0.0
11.4	34.4	96.0	0.0
8.4	40.0	96.0	0.0
5.2	37.8	180.0	0.0
4.4	43.6	164.0	0.0
15.6	30.8	94.0	0.0
7.0	29.4	114.0	0.0
5.6	36.8	138.0	0.0
4.0	38.0	156.0	0.0
-1.0	37.4	200.0	0.0
-2.0	41.0	200.0	0.0
1.6	34.4	154.0	0.0
3.6	33.8	142.0	0.0
1.2	35.2	144.0	0.0
2.2	36.8	166.0	0.0
-3.0	42.0	200.0	0.0
6.6	33.4	118.0	0.0
8.0	34.2	132.0	0.0
-1.8	34.8	152.0	0.0
8.4	30.8	108.0	0.0
3.8	35.6	124.0	0.0
15.0	28.2	200.0	0.0
17.2	34.8	200.0	2.0
5.2	37.2	134.0	1.2
6.6	29.6	106.0	1.2
12.6	31.8	100.0	0.0
15.6	34.4	120.0	0.0
6.2	35.6	168.0	0.0
6.8	38.0	200.0	0.0
6.0	36.0	200.0	0.0
7.4	31.8	200.0	0.0
5.8	43.6	200.0	0.0
11.4	37.0	200.0	8.0
7.2	39.0	168.0	4.4
8.8	35.4	138.0	0.0
13.8	45.2	138.0	0.0
11.2	45.8	102.0	0.0
15.6	49.2	122.0	0.0
23.2	36.0	92.0	0.0
4.8	31.2	96.0	0.0
4.8	33.2	132.0	0.0
3.2	38.0	174.0	0.0
2.8	40.0	200.0	0.0
-0.8	41.8	154.0	0.0
3.2	38.6	112.0	0.0
4.6	36.8	166.0	0.0
4.8	42.6	200.0	0.0
9.0	45.2	158.0	0.0
3.2	29.4	108.0	0.0
9.4	28.8	128.0	0.0
10.2	34.2	130.0	4.4
1.8	36.6	138.0	0.0
7.6	38.2	170.0	0.0
10.8	34.6	200.0	0.0
21.2	32.2	200.0	54.0
21.4	31.6	198.0	88.4
23.0	35.0	150.0	36.8
17.2	33.8	130.0	2.4
11.0	34.0	160.0	0.0
19.8	38.4	150.0	0.0
16.0	36.8	176.0	0.4
15.0	40.2	200.0	10.0
13.8	42.2	178.0	0.0
17.8	29.4	200.0	14.8
23.0	35.0	190.0	56.8
19.8	37.2	170.0	3.2
15.6	34.2	144.0	0.4
19.8	34.0	136.0	0.0
19.4	43.8	142.0	0.0
13.4	45.8	168.0	0.0
24.8	33.6	114.0	0.0
16.6	34.2	104.0	4.8
14.4	34.4	108.0	0.0
17.4	34.0	126.0	0.0
16.8	33.8	146.0	2.8
20.6	35.0	162.0	2.4
14.8	40.0	184.0	4.0
11.4	48.8	200.0	0.0
22.2	45.2	146.0	16.0
13.6	50.2	132.0	0.0
21.8	32.8	154.0	0.0
23.4	40.2	154.0	0.0
18.2	50.0	200.0	0.0
19.6	44.0	142.0	0.0
23.6	47.2	176.0	0.0
18.2	40.8	84.0	0.8
12.4	39.4	72.0	0.0
6.4	41.2	120.0	0.0
7.2	40.2	100.0	0.0
15.6	41.8	132.0	0.0
19.0	42.8	130.0	0.0
11.2	46.2	146.0	0.0
14.8	52.6	152.0	0.0
27.4	42.8	154.0	0.8
17.8	41.6	138.0	10.0
21.4	43.8	118.0	0.0
13.4	51.6	142.0	0.0
17.2	62.8	100.0	0.0
20.2	67.0	112.0	0.0
27.4	41.8	52.0	0.0
9.6	48.8	108.0	0.0
15.4	45.4	106.0	0.0
25.2	51.8	144.0	0.0
16.4	66.6	172.0	0.0
31.4	63.6	146.0	0.0
23.2	43.4	148.0	0.0
26.2	46.6	130.0	0.0
17.4	52.6	154.0	0.0
19.0	61.6	140.0	0.0
17.6	64.4	130.0	0.0
22.0	50.2	136.0	0.0
19.8	36.6	102.0	26.4
20.2	35.2	140.0	69.2
9.6	47.8	142.0	2.0
16.2	40.8	144.0	0.0
16.8	43.8	120.0	0.0
15.6	55.8	142.0	0.0
25.2	37.4	134.0	0.0
25.4	34.8	172.0	2.8
25.6	49.0	114.0	0.0
21.2	63.4	154.0	0.0
31.2	60.4	150.0	0.0
26.8	66.2	164.0	0.4
35.4	69.6	156.0	0.0
34.8	65.0	154.0	0.0
19.0	56.2	74.0	0.0
22.0	52.6	92.0	0.0
21.0	73.4	110.0	0.0
36.2	70.6	82.0	0.0
21.0	48.8	62.0	10.0
13.6	46.6	112.0	0.0
